1 0.29155555624999996 0.36225 0.28755555625 0.368 0.278222221875 0.3765 0.27955555625 0.38025000000000003 0.286222221875 0.38175 0.31466666718749997 0.3835 0.3271111109375 0.38125 0.3351111109375 0.38175 0.3426666671875 0.379 0.34444444375 0.37725 0.3431111109375 0.3735 0.3351111109375 0.36475 0.3231111109375 0.36 0.32044444375 0.35375 0.2991111109375 0.35275 0.292 0.34900000000000003 0.28755555625 0.34825 0.27599999999999997 0.34900000000000003 0.27555555625 0.35225 0.286222221875 0.35525 0.292 0.3585 0.29155555624999996 0.36225
1 0.44888888906249996 0.259 0.454222221875 0.2595 0.45866666718750004 0.258 0.462222221875 0.254 0.4768888890625 0.24575 0.4791111109375 0.2415 0.47866666718750006 0.2375 0.4831111109375 0.23075 0.4613333328125 0.21568749999999998 0.461777778125 0.2065 0.45866666718750004 0.20400000000000001 0.454222221875 0.20400000000000001 0.44177777812499996 0.2065 0.42977777812499995 0.2145 0.42488888906250005 0.21625 0.42444444375 0.22075 0.43555555625000003 0.23725000000000002 0.44444444375 0.2555 0.44888888906249996 0.259
1 0.42488888906250005 0.2595 0.42888888906249995 0.2555 0.42844444375 0.2515 0.42577777812499995 0.2485 0.42044444375 0.24700000000000003 0.41111111093749997 0.24775 0.40933333281250006 0.24925000000000003 0.40933333281250006 0.25375000000000003 0.41422222187499996 0.25875 0.41822222187499997 0.2605 0.42488888906250005 0.2595
1 0.40044444375 0.32175 0.40577777812500004 0.322 0.41022222187499996 0.32075 0.4146666671875 0.31475 0.4146666671875 0.307 0.397777778125 0.29474999999999996 0.3906666671875 0.29225 0.378222221875 0.292 0.36355555625 0.29300000000000004 0.36044444375 0.29525 0.361777778125 0.30125 0.36666666718749996 0.307 0.3728888890625 0.311 0.40044444375 0.32175
1 0.7511111109375 0.47824999999999995 0.7551111109375 0.48224999999999996 0.761777778125 0.4835 0.7613333328125 0.48775 0.7546666671875 0.499 0.7368888890624999 0.5035000000000001 0.712 0.512 0.69555555625 0.522 0.6928888890625 0.528 0.696 0.5315000000000001 0.744 0.5507500000000001 0.748 0.5507500000000001 0.75955555625 0.54625 0.774222221875 0.54325 0.7933333328125001 0.5345 0.8013333328125001 0.533 0.8257777781250001 0.5255 0.8386666671875 0.525 0.8444444437499999 0.5235000000000001 0.8471111109375 0.51925 0.844 0.51225 0.8453333328125 0.50825 0.85244444375 0.50175 0.854222221875 0.49824999999999997 0.852 0.4965 0.8391111109375 0.49625 0.829777778125 0.4925 0.8222222218749999 0.48375 0.8124444437499999 0.477 0.8039999999999999 0.46675000000000005 0.792 0.46175 0.78444444375 0.45725 0.7791111109375 0.44925 0.76844444375 0.4425 0.7493333328125 0.4365 0.7408888890625 0.43674999999999997 0.734222221875 0.43899999999999995 0.734222221875 0.44400000000000006 0.74755555625 0.45275 0.74755555625 0.46675000000000005 0.7511111109375 0.47824999999999995
1 0.49066666718749996 0.41974999999999996 0.5111111109375 0.40975 0.5173333328124999 0.40449999999999997 0.5133333328125 0.39775 0.50755555625 0.39449999999999996 0.498222221875 0.392 0.49155555624999997 0.39275000000000004 0.4888888890625 0.39449999999999996 0.48266666718750006 0.40325 0.4813333328125 0.41550000000000004 0.48355555624999996 0.41974999999999996 0.48666666718749996 0.4205 0.49066666718749996 0.41974999999999996
1 0.484 0.43425 0.48755555624999997 0.44625000000000004 0.4911111109375 0.45075000000000004 0.50844444375 0.4605 0.5213333328124999 0.4585 0.550222221875 0.45775 0.5568888890625 0.453 0.5573333328125 0.449 0.5555555562500001 0.446 0.549777778125 0.44299999999999995 0.544 0.442 0.5106666671875 0.41025 0.516 0.40475000000000005 0.512 0.39725 0.5013333328125 0.393 0.493777778125 0.393 0.4848888890625 0.4 0.4813333328125 0.40725 0.481777778125 0.41825 0.48755555624999997 0.42374999999999996 0.4848888890625 0.42824999999999996 0.484 0.43425
0 0.40222222187499995 0.47525000000000006 0.41200000000000003 0.4805 0.43555555625000003 0.5 0.45244444375 0.5055 0.45644444375 0.505 0.4573333328125 0.49424999999999997 0.454222221875 0.4875 0.45199999999999996 0.48550000000000004 0.446222221875 0.48375 0.44044444374999997 0.48375 0.4351111109375 0.48125 0.43333333281249997 0.47850000000000004 0.42933333281249997 0.47625 0.4306666671875 0.47125000000000006 0.43333333281249997 0.47000000000000003 0.42533333281249996 0.46725000000000005 0.4226666671875 0.46799999999999997 0.4191111109375 0.46699999999999997 0.41822222187499997 0.465 0.41555555625 0.46775 0.41200000000000003 0.46875 0.40800000000000003 0.46849999999999997 0.404 0.46725000000000005 0.3973333328125 0.462 0.393777778125 0.461 0.38355555625000004 0.46175 0.378222221875 0.46375 0.37644444374999997 0.46349999999999997 0.37244444374999996 0.466 0.369777778125 0.47050000000000003 0.37644444374999997 0.47400000000000003 0.39155555625 0.47375 0.40222222187499995 0.47525000000000006
0 0.3351111109375 0.46575 0.338222221875 0.46399999999999997 0.3386666671875 0.45975 0.33555555625 0.45625 0.3271111109375 0.4525 0.31955555625 0.45099999999999996 0.313777778125 0.4535 0.31244444374999997 0.45725 0.31644444374999997 0.461 0.33155555625 0.466 0.3351111109375 0.46575
0 0.3791111109375 0.54375 0.3888888890625 0.54725 0.40222222187499995 0.54975 0.41200000000000003 0.553 0.41777777812499994 0.55425 0.42444444375 0.55425 0.434222221875 0.5505 0.44444444375 0.54525 0.44800000000000006 0.53725 0.46266666718750005 0.533 0.461777778125 0.5295 0.457777778125 0.52675 0.4493333328125 0.516 0.4306666671875 0.5065000000000001 0.41733333281249996 0.50575 0.40755555625 0.50675 0.389777778125 0.50575 0.373777778125 0.5095 0.3688888890625 0.509 0.365777778125 0.51025 0.365777778125 0.516 0.37644444374999997 0.525 0.3768888890625 0.53975 0.3791111109375 0.54375
1 0.574222221875 0.6207499999999999 0.58355555625 0.61575 0.61955555625 0.61275 0.6324444437500001 0.6092500000000001 0.64044444375 0.606 0.64355555625 0.603 0.6471111109375001 0.59275 0.6568888890625 0.58975 0.6746666671875 0.5865 0.6777777781250001 0.58475 0.68355555625 0.5735 0.69644444375 0.567 0.704 0.561 0.7066666671874999 0.55775 0.706222221875 0.5535 0.7026666671874999 0.55175 0.69644444375 0.5515 0.6866666671874999 0.55575 0.6786666671875 0.5565 0.6711111109375001 0.55575 0.6679999999999999 0.55225 0.66044444375 0.5515 0.6551111109375001 0.55275 0.6515555562500001 0.55625 0.648 0.55725 0.6373333328124999 0.557 0.63555555625 0.561 0.6368888890625 0.56375 0.64044444375 0.56475 0.641777778125 0.56725 0.637777778125 0.5705 0.6266666671875 0.5742499999999999 0.621777778125 0.5735 0.61555555625 0.5695 0.6093333328125 0.5685 0.59555555625 0.572 0.5831111109375 0.57325 0.576 0.5765 0.5568888890625 0.59075 0.54844444375 0.5995 0.5488888890625 0.61 0.553777778125 0.61675 0.56044444375 0.62 0.574222221875 0.6207499999999999
1 0.574222221875 0.51325 0.5746666671875 0.5115000000000001 0.572 0.50925 0.5666666671875 0.51025 0.5648888890625 0.5117499999999999 0.566222221875 0.515 0.5706666671875 0.51475 0.574222221875 0.51325
1 0.55244444375 0.5225 0.5519999999999999 0.519 0.544 0.51925 0.54 0.5215 0.5391111109375 0.5225 0.5413333328125 0.52425 0.550222221875 0.5245 0.55244444375 0.5225
1 0.522222221875 0.6835 0.5257777781249999 0.6885 0.526222221875 0.69975 0.51644444375 0.70275 0.502222221875 0.71325 0.4991111109375 0.7262500000000001 0.4991111109375 0.753 0.5013333328125 0.7657499999999999 0.5093333328125 0.77575 0.5151111109375 0.7777499999999999 0.52044444375 0.77825 0.5293333328125 0.7769999999999999 0.532 0.7735000000000001 0.566222221875 0.7575000000000001 0.5746666671875 0.75625 0.5853333328125 0.749 0.5928888890625 0.73925 0.61155555625 0.72425 0.6266666671875 0.71725 0.636 0.7075 0.657777778125 0.70075 0.6693333328125 0.696 0.6751111109375 0.6925 0.6813333328125 0.68525 0.6853333328125 0.683 0.6911111109375 0.682 0.7057777781250001 0.68175 0.7133333328125 0.679 0.7284444437500001 0.666 0.7906666671875 0.63425 0.8031111109375001 0.6305 0.808 0.62625 0.8093333328125001 0.62275 0.8053333328125 0.6195 0.8 0.618 0.7866666671875 0.617 0.78044444375 0.6174999999999999 0.75955555625 0.6265 0.7471111109375 0.635 0.7413333328125 0.637 0.717777778125 0.6497499999999999 0.7031111109375 0.65425 0.69244444375 0.65925 0.682222221875 0.65825 0.6751111109375 0.6587500000000001 0.6688888890625 0.6605000000000001 0.648 0.67025 0.6231111109375 0.67325 0.6133333328125 0.67625 0.597777778125 0.6775 0.58444444375 0.68025 0.56844444375 0.68575 0.562222221875 0.6835 0.557777778125 0.68025 0.548 0.6679999999999999 0.5386666671875 0.66225 0.5337777781249999 0.65325 0.52844444375 0.65 0.5151111109375 0.648 0.50844444375 0.6515 0.5071111109374999 0.655 0.5106666671875 0.665 0.508 0.6665 0.5048888890625001 0.67125 0.505777778125 0.67475 0.50844444375 0.67725 0.5186666671875 0.68275 0.522222221875 0.6835
1 0.174222221875 0.7195 0.173777778125 0.7255 0.1711111109375 0.73075 0.17155555625000002 0.7365 0.177777778125 0.74775 0.184 0.752 0.19288888906249999 0.754 0.21644444375 0.764 0.2306666671875 0.76675 0.2533333328125 0.769 0.26488888906249997 0.769 0.272 0.7705 0.2831111109375 0.774 0.2866666671875 0.77975 0.2946666671875 0.7865 0.312 0.79325 0.317777778125 0.794 0.3213333328125 0.7929999999999999 0.3248888890625 0.79 0.326222221875 0.78025 0.32355555625 0.762 0.3288888890625 0.75875 0.3391111109375 0.75525 0.3391111109375 0.7515 0.3346666671875 0.7497499999999999 0.3253333328125 0.7497499999999999 0.316 0.7474999999999999 0.31644444374999997 0.73475 0.31155555625 0.73075 0.29644444375 0.726 0.28444444375 0.7262500000000001 0.27599999999999997 0.72275 0.2626666671875 0.71925 0.25955555625 0.71725 0.257777778125 0.71 0.2506666671875 0.7065 0.24133333281249997 0.70475 0.22844444375 0.704 0.20311111093749998 0.697 0.188 0.69575 0.17333333281250002 0.69725 0.166222221875 0.69975 0.1613333328125 0.70575 0.1613333328125 0.7105 0.16488888906250002 0.71325 0.1706666671875 0.7152499999999999 0.174222221875 0.7195
1 0.3573333328125 0.87675 0.3631111109375 0.88025 0.377777778125 0.88375 0.3946666671875 0.88375 0.39911111093749996 0.88225 0.40088888906250003 0.8797499999999999 0.40311111093749996 0.866 0.3973333328125 0.859 0.389777778125 0.8550000000000001 0.3826666671875 0.8525 0.37466666718749997 0.852 0.35244444375 0.8467499999999999 0.345777778125 0.8467499999999999 0.3386666671875 0.8487500000000001 0.337777778125 0.85 0.3373333328125 0.85275 0.3426666671875 0.8627499999999999 0.349777778125 0.86825 0.3573333328125 0.87675
0 0.63555555625 0.8425 0.6533333328125 0.8352499999999999 0.6639999999999999 0.8324999999999999 0.6768888890625 0.8314999999999999 0.6906666671874999 0.826 0.6937777781250001 0.8240000000000001 0.6951111109375 0.819 0.6991111109375 0.81375 0.696 0.81225 0.6826666671875 0.8150000000000001 0.6711111109375001 0.8150000000000001 0.6639999999999999 0.8172499999999999 0.6392591109375 0.8220000000000001 0.622222221875 0.82325 0.6124444437500001 0.8262499999999999 0.604 0.833 0.593777778125 0.8380000000000001 0.5951111109375 0.84275 0.6088888890625 0.8455 0.6208888890625001 0.8452500000000001 0.63555555625 0.8425
0 0.6733333328125 0.9147500000000001 0.6711111109375001 0.9075 0.67155555625 0.906 0.6759999999999999 0.9039999999999999 0.70044444375 0.909 0.706222221875 0.9112500000000001 0.7146666671874999 0.9065 0.7168888890625 0.9032500000000001 0.72044444375 0.9022500000000001 0.732 0.8942500000000001 0.738222221875 0.8877499999999999 0.737777778125 0.8852499999999999 0.736 0.8835000000000001 0.7266666671875 0.88225 0.718222221875 0.8797499999999999 0.7093333328125 0.8795 0.7022222218749999 0.88475 0.68844444375 0.88925 0.6786666671875 0.89 0.6751111109375 0.892 0.6719999999999999 0.8975 0.6711111109375001 0.9045 0.666222221875 0.907 0.657777778125 0.9047499999999999 0.6511111109375001 0.90525 0.6488888890625 0.907 0.64844444375 0.908 0.6551111109375001 0.91225 0.6671111109375001 0.915 0.6733333328125 0.9147500000000001
0 0.74844444375 0.87775 0.75155555625 0.87675 0.7711111109375001 0.8664999999999999 0.770222221875 0.8625 0.7586666671875 0.8552500000000001 0.7511111109375 0.853 0.7413333328125 0.852 0.7351111109375 0.8552500000000001 0.7328888890624999 0.85875 0.7324444437500001 0.8647500000000001 0.7346666671875 0.8695 0.74444444375 0.8772500000000001 0.74844444375 0.87775
0 0.72 0.9422499999999999 0.7306666671875 0.9315 0.736 0.922 0.7346666671875 0.91975 0.721777778125 0.9215 0.7168888890625 0.9262499999999999 0.7133333328125 0.9255000000000001 0.709777778125 0.92775 0.70844444375 0.9317500000000001 0.708 0.9400000000000001 0.709777778125 0.94475 0.7133333328125 0.9455 0.72 0.9422499999999999
1 0.553777778125 0.78075 0.564 0.77975 0.5773333328125 0.7747499999999999 0.581777778125 0.774 0.5848888890625 0.7747499999999999 0.592 0.769 0.5933333328125 0.7655000000000001 0.5906666671874999 0.762 0.58755555625 0.7605000000000001 0.5773333328125 0.75825 0.5751111109375 0.75675 0.564 0.7555 0.5426666671875 0.759 0.5391111109375 0.761 0.5377777781249999 0.7657499999999999 0.5453333328125 0.77625 0.5493333328125 0.77975 0.553777778125 0.78075
1 0.5693333328125 0.26075 0.564 0.2595 0.5613333328125 0.26125 0.5626666671875 0.265 0.56755555625 0.26549999999999996 0.5706666671875 0.262 0.5693333328125 0.26075