1 0.24933333281249997 0.35924999999999996 0.248 0.36 0.24444444375000002 0.36 0.24133333281249997 0.36175 0.2311111109375 0.36275 0.226222221875 0.36425 0.2213333328125 0.36675 0.21955555625 0.3705 0.249777778125 0.422 0.254222221875 0.42575 0.272 0.43600000000000005 0.2906666671875 0.44475 0.3 0.45375 0.3071111109375 0.45625 0.31066666718749997 0.45625 0.32799999999999996 0.4625 0.34711111093749997 0.46299999999999997 0.357777778125 0.46224999999999994 0.38177777812499997 0.457 0.40088888906250003 0.4505 0.4146666671875 0.43825000000000003 0.41600000000000004 0.43574999999999997 0.4146666671875 0.42874999999999996 0.40755555625 0.4215 0.40444444375 0.41500000000000004 0.39555555625 0.41125 0.38133333281250004 0.41 0.36444444374999996 0.39675 0.354222221875 0.385 0.352 0.38025000000000003 0.3493333328125 0.35875 0.33688888906250003 0.348 0.334222221875 0.34075 0.3248888890625 0.3285 0.32444444375 0.3245 0.3346666671875 0.31725 0.34355555625 0.31525 0.35555555625 0.3155 0.3693333328125 0.31 0.37066666718749997 0.30775 0.369777778125 0.303 0.34844444375 0.29275 0.3373333328125 0.29175 0.330222221875 0.28925 0.31955555625 0.28825 0.3071111109375 0.2895 0.29955555624999997 0.28925 0.289777778125 0.28675 0.27955555625 0.28775 0.270222221875 0.292 0.264 0.29874999999999996 0.24933333281249997 0.3245 0.24133333281249997 0.3275 0.2266666671875 0.3305 0.22355555625 0.3335 0.2266666671875 0.33925 0.2471111109375 0.3525 0.2488888890625 0.35550000000000004 0.24933333281249997 0.35924999999999996
1 0.501777778125 0.44625000000000004 0.50355555625 0.4425 0.501777778125 0.43375 0.48755555624999997 0.43324999999999997 0.48444444375 0.4345 0.484 0.43600000000000005 0.49022222187500003 0.44325000000000003 0.49555555625 0.446 0.501777778125 0.44625000000000004
1 0.44800000000000006 0.4365 0.450222221875 0.43200000000000005 0.446222221875 0.42975 0.4391111109375 0.42975 0.4346666671875 0.43125 0.4351111109375 0.4335 0.44266666718750003 0.43724999999999997 0.446222221875 0.4375 0.44800000000000006 0.4365
1 0.4711111109375 0.4405 0.46355555624999994 0.44000000000000006 0.461777778125 0.4415 0.46355555624999994 0.4455 0.470222221875 0.44825 0.4728888890625 0.446 0.4711111109375 0.4405
1 0.3008888890625 0.48075 0.30222222187500003 0.477 0.29644444375 0.47300000000000003 0.2906666671875 0.472 0.286222221875 0.47375 0.285777778125 0.47750000000000004 0.288 0.479 0.29644444375 0.48150000000000004 0.3008888890625 0.48075
1 0.2768888890625 0.47050000000000003 0.2751111109375 0.46675000000000005 0.266222221875 0.46299999999999997 0.261777778125 0.46349999999999997 0.2613333328125 0.46699999999999997 0.26577777812500003 0.47000000000000003 0.27244444375 0.4715 0.2768888890625 0.47050000000000003
1 0.5297777781249999 0.63325 0.52044444375 0.6465 0.5217777781249999 0.6615 0.536 0.6815 0.549777778125 0.6965 0.5573333328125 0.70025 0.5671111109375 0.7032499999999999 0.5796666671875 0.70125 0.6004444437500001 0.701 0.616 0.69775 0.648 0.68625 0.66844444375 0.674 0.67644444375 0.662 0.690222221875 0.65425 0.6977777781250001 0.64775 0.7013333328125 0.6415 0.7013333328125 0.625 0.70444444375 0.621 0.7151111109375 0.6132500000000001 0.7133333328125 0.61025 0.69244444375 0.599 0.66844444375 0.59525 0.6559999999999999 0.59475 0.6466666671875 0.5915 0.6493333328124999 0.58825 0.6555555562500001 0.58525 0.6648888890625 0.5742499999999999 0.67155555625 0.572 0.6759999999999999 0.5690000000000001 0.6813333328125 0.55375 0.6866666671874999 0.55125 0.6946666671874999 0.5495 0.72 0.5507500000000001 0.726222221875 0.5467500000000001 0.724 0.54375 0.7191111109375 0.54125 0.716 0.537 0.69955555625 0.53625 0.68044444375 0.5305 0.6768888890625 0.528 0.674222221875 0.518 0.6777777781250001 0.509 0.6777777781250001 0.504 0.674222221875 0.49725 0.6791111109375 0.4915 0.68044444375 0.48425 0.6857777781250001 0.47750000000000004 0.6853333328125 0.47275 0.6679999999999999 0.47050000000000003 0.658222221875 0.47175 0.654222221875 0.47275 0.64444444375 0.47874999999999995 0.6226666671875 0.483 0.589777778125 0.49275 0.5822222218750001 0.492 0.5728888890625 0.48949999999999994 0.5528888890625 0.488 0.534222221875 0.49424999999999997 0.5315555562500001 0.499 0.5355555562500001 0.50525 0.550222221875 0.5155000000000001 0.56044444375 0.5195000000000001 0.5631111109375 0.522 0.56444444375 0.5295 0.5599999999999999 0.533 0.5528888890625 0.53575 0.5515555562500001 0.54025 0.553777778125 0.5425 0.561777778125 0.5455 0.565777778125 0.55675 0.565777778125 0.56125 0.561777778125 0.5700000000000001 0.5626666671875 0.5780000000000001 0.553777778125 0.5785 0.5417777781249999 0.58375 0.5333333328125 0.59375 0.524 0.59775 0.5177777781249999 0.60225 0.5173333328124999 0.60575 0.5271111109375 0.6115 0.53244444375 0.6184999999999999 0.5297777781249999 0.63325
1 0.5426666671875 0.55775 0.542222221875 0.5547500000000001 0.54044444375 0.554 0.53644444375 0.5547500000000001 0.5315555562500001 0.558 0.5306666671875 0.56125 0.53244444375 0.5625 0.538222221875 0.5615 0.5426666671875 0.55775
1 0.34844444375 0.61 0.35155555625 0.6092500000000001 0.356 0.60225 0.356 0.5985 0.35155555625 0.59375 0.3466666671875 0.59275 0.334222221875 0.59325 0.32977777812500003 0.59475 0.32799999999999996 0.5980000000000001 0.32799999999999996 0.606 0.33155555625 0.6092500000000001 0.3453333328125 0.609 0.34844444375 0.61
1 0.48755555624999997 0.6715 0.4853333328125 0.67025 0.4808888890625 0.67025 0.4773333328125 0.6735 0.4768888890625 0.67875 0.4813333328125 0.68225 0.485777778125 0.6785 0.48755555624999997 0.6715
1 0.49466666718749996 0.75325 0.4951111109375 0.749 0.49466666718749996 0.748 0.49066666718749996 0.74775 0.4848888890625 0.7495 0.4768888890625 0.7497499999999999 0.47466666718750006 0.75125 0.474222221875 0.75525 0.4768888890625 0.7575000000000001 0.48666666718749996 0.75725 0.49466666718749996 0.75325
1 0.4773333328125 0.7805 0.4773333328125 0.7769999999999999 0.4733333328125 0.7737499999999999 0.4671111109375 0.773 0.4631111109375 0.7747499999999999 0.4631111109375 0.778 0.4653333328125 0.78 0.470222221875 0.7815000000000001 0.4773333328125 0.7805
1 0.364 0.783 0.3613333328125 0.7825 0.3586666671875 0.7835 0.357777778125 0.78625 0.3591111109375 0.787 0.3631111109375 0.7865 0.364 0.783