0 0.742471371875 0.6538513921875 0.7485984484375 0.653721415625 0.753052275 0.65225723125 0.76125619375 0.6458921421875 0.7691058203125001 0.6317546578125001 0.7726442828125 0.62915934375 0.7728559140625 0.626853753125 0.7713303078125 0.6249685328125001 0.7645093328125 0.6231408593750001 0.7525209640625 0.6178615765625 0.7486577125 0.6171217078125 0.7463938875 0.617991553125 0.7383079796875001 0.6421054828125 0.7369890234375001 0.64854366875 0.737387634375 0.6516033484375 0.739060884375 0.6529375546875 0.742471371875 0.6538513921875
0 0.8127976875 0.603598115625 0.823078321875 0.613734978125 0.8236885640624999 0.6144890671875001 0.827468159375 0.6140253718750001 0.8308393093750001 0.6090229265625 0.83156769375 0.6047887921874999 0.8304850171875 0.601250534375 0.8274534734375001 0.600438234375 0.817999565625 0.6008579375 0.8127976875 0.603598115625
0 0.7064033296875001 0.56564065 0.7046021046875001 0.5678155953124999 0.7053796593749999 0.5709768109375 0.708873803125 0.5730942125 0.7122842890625 0.5740080484375001 0.7159162421875 0.5740953671875 0.7201387703125001 0.5719786328125 0.7218465046875 0.5671210531249999 0.7191004125 0.5637276578125 0.7151633375 0.5632632953125001 0.7064033296875001 0.56564065
0 0.7960849859375 0.5704771234375 0.8006421359375 0.57317464375 0.8029157937500001 0.57378386875 0.8063164484374999 0.5732186359375 0.8072662953125 0.5681579812499999 0.805056625 0.5657941796875 0.7982258156250001 0.562487434375 0.79535175 0.562603190625 0.7941706015625 0.567011296875 0.7960849859375 0.5704771234375
0 0.8293434640624999 0.566100790625 0.8253424031250001 0.56739100625 0.8228669484375001 0.5705664406250001 0.8227291390625 0.5725965234375 0.8242645796874999 0.5759608140625 0.8291268515624999 0.5790353765625 0.8295057953124999 0.5791369140625 0.8360856359375 0.57883296875 0.8383494609375 0.5779631234375 0.839919384375 0.575135628125 0.835721509375 0.56958150625 0.8293434640624999 0.566100790625
0 0.6893318671875 0.4444280046875 0.6826683703125 0.44352838749999995 0.6778552703125 0.44784917343749997 0.6774959953125 0.45070577656250005 0.67894778125 0.452866503125 0.6846417609375 0.45586863437499997 0.6876733046875 0.456680934375 0.6897156640625 0.456637609375 0.6958230703125 0.45354949375000003 0.695193159375 0.4498372640625 0.692520890625 0.4461683625 0.6893318671875 0.4444280046875
0 0.8271790140625 0.399864828125 0.8248758531249999 0.39481839218750003 0.8182565453124999 0.4119431234375 0.8184336921875 0.4158293203125 0.8210223062500001 0.418294659375 0.8219376703125001 0.41942579062499996 0.8269328984375001 0.4083622046875 0.8271790140625 0.399864828125
0 0.661638234375 0.6599491953125 0.6537542515625 0.6575414015625001 0.6489313171875 0.6603831171875 0.6475926921874999 0.6638631640625 0.6486655328125 0.665922353125 0.6554225203125 0.6695046046875001 0.6588330078125 0.6704184421875 0.6620860171875 0.6704042218749999 0.664876428125 0.6690849015625 0.6656048109375 0.6648507671874999 0.6636904265625 0.6613849390625 0.661638234375 0.6599491953125
0 0.7295669953125 0.7611262953125 0.733070975 0.7647227671875 0.7364814609375 0.765636603125 0.7423772375000001 0.7648540765625 0.7428103328125 0.7617219671875 0.7410534281250001 0.7591841953125 0.7354332703125 0.7559065578124999 0.732559203125 0.756022315625 0.7306005 0.7572692046875 0.7295669953125 0.7611262953125
0 0.7602078734375 0.658899159375 0.76838714375 0.660204928125 0.7774326046875 0.655246478125 0.7774867578125 0.6520128296875 0.769258315625 0.6433117125 0.7657740078125 0.6426733828125 0.755778696875 0.6526924875 0.757934215625 0.658289934375 0.7602078734375 0.658899159375
0 0.8328125 0.6171875 0.840625 0.6140625 0.8453125 0.615625 0.846875 0.61875 0.8453125 0.6234375 0.8421875 0.625 0.8421875 0.63125 0.846875 0.6359375 0.8453125 0.6390625 0.84375 0.6375 0.840625 0.6390625 0.84375 0.6484375 0.8390625 0.6578125 0.83125 0.659375 0.8265625 0.6578125 0.8125 0.6625 0.809375 0.6578125 0.8140625 0.65625 0.81875 0.6484375 0.8125 0.6453125 0.8109375 0.6484375 0.803125 0.646875 0.80625 0.640625 0.81875 0.6390625 0.83125 0.6265625 0.8328125 0.61875