0 0.16699999999999998 0.38755555625000004 0.16899999999999998 0.392 0.177 0.40088888906250003 0.1785 0.4106666671875 0.18 0.41422222187499996 0.18525 0.4186666671875 0.1895 0.4191111109375 0.1955 0.41288888906250004 0.19975 0.40444444375 0.20049999999999998 0.39955555625 0.20049999999999998 0.3973333328125 0.19775 0.393777778125 0.19624999999999998 0.38829644375 0.1965 0.37733333281250003 0.19275 0.37155555625000003 0.1855 0.373777778125 0.1775 0.368 0.17525 0.3613333328125 0.1765 0.35244444375 0.17575000000000002 0.33555555625 0.17250000000000001 0.333777778125 0.16499999999999998 0.33555555625 0.1605 0.34488888906250004 0.161 0.36 0.16725 0.36844444374999996 0.16625 0.37644444374999997 0.16699999999999998 0.38755555625000004
0 0.11274999999999999 0.43644444375 0.1165 0.42844444375 0.11699999999999999 0.42133333281249996 0.11625 0.41733333281249996 0.1095 0.40977777812499994 0.1055 0.41022222187499996 0.10375000000000001 0.41555555625 0.1035 0.42355555625 0.10500000000000001 0.4311111109375 0.10900000000000001 0.43600000000000005 0.11274999999999999 0.43644444375
0 0.10925 0.5791111109375 0.1115 0.569777778125 0.11499999999999999 0.5653333328125 0.11674999999999999 0.56044444375 0.1165 0.5533333328125 0.1135 0.5448888890625 0.11074999999999999 0.5395555562500001 0.10674999999999998 0.53644444375 0.09875 0.53644444375 0.0935 0.54844444375 0.09475 0.5595555562500001 0.09875 0.5711111109375 0.10575000000000001 0.5791111109375 0.10925 0.5791111109375
0 0.3975 0.32977777812500003 0.39825 0.32577777812500003 0.39775 0.32044444375 0.3935 0.3088888890625 0.3895 0.3071111109375 0.38725 0.3088888890625 0.3855 0.313777778125 0.38625 0.32355555625 0.389 0.3288888890625 0.3935 0.33244444375 0.3975 0.32977777812500003
0 0.23174999999999998 0.22755555625 0.23224999999999998 0.22044444375 0.23025 0.21555555625 0.22325 0.214222221875 0.21925 0.2173333328125 0.21875 0.22444444375 0.221 0.23155555625000002 0.22725 0.23244444375 0.23174999999999998 0.22755555625
0 0.40449999999999997 0.41111111093749997 0.40449999999999997 0.40755555625 0.4 0.4066666671875 0.3935 0.41111111093749997 0.3865 0.42977777812499995 0.387 0.4413333328125 0.39049999999999996 0.44755555625000004 0.398 0.43200000000000005 0.40449999999999997 0.41111111093749997
0 0.42824999999999996 0.43200000000000005 0.43274999999999997 0.41955555625 0.43150000000000005 0.41377777812499994 0.4255 0.40800000000000003 0.42024999999999996 0.40977777812499994 0.41600000000000004 0.4186666671875 0.41574999999999995 0.42577777812499995 0.41725 0.43200000000000005 0.4215 0.43600000000000005 0.42824999999999996 0.43200000000000005
0 0.606 0.312 0.6125 0.30622222187500003 0.61975 0.3066666671875 0.6205 0.30444444375 0.6195 0.28844444375 0.6105 0.272 0.6092500000000001 0.2671111109375 0.6075 0.26888888906249997 0.60825 0.27244444375 0.607 0.2746666671875 0.6025 0.2773333328125 0.597 0.28755555625 0.5962500000000001 0.2928888890625 0.597 0.3 0.60225 0.3128888890625 0.606 0.312
0 0.56125 0.22044444375 0.5650000000000001 0.2191111109375 0.5675 0.21600000000000003 0.5702499999999999 0.206222221875 0.5702499999999999 0.1991111109375 0.56825 0.192 0.564 0.1848888890625 0.56075 0.18222222187499998 0.557 0.18311111093750002 0.5535 0.1893333328125 0.5519999999999999 0.19555555625 0.55175 0.20311111093749998 0.55275 0.209777778125 0.55625 0.21777777812500002 0.56125 0.22044444375
0 0.80375 0.40533333281250006 0.8077500000000001 0.39955555625 0.8089999999999999 0.394222221875 0.8092499999999999 0.38577777812499997 0.808 0.38 0.80325 0.3786666671875 0.7995 0.38133333281250004 0.79325 0.397777778125 0.7927500000000001 0.40444444375 0.794 0.40577777812500004 0.8005000000000001 0.4066666671875 0.80375 0.40533333281250006
0 0.8172499999999999 0.52844444375 0.8175000000000001 0.5217777781249999 0.8145 0.5146666671875 0.8105 0.51244444375 0.8077500000000001 0.5168888890625001 0.8077500000000001 0.5231111109375 0.8099999999999999 0.5293333328125 0.8140000000000001 0.5306666671875 0.8172499999999999 0.52844444375
0 0.83125 0.434222221875 0.835 0.43155555625 0.83925 0.42488888906250005 0.8397500000000001 0.42222222187499997 0.8385 0.41733333281249996 0.82825 0.40755555625 0.8244999999999999 0.40888888906250004 0.8225 0.4146666671875 0.8225 0.42133333281249996 0.8244999999999999 0.42844444375 0.82675 0.43200000000000005 0.83125 0.434222221875