0 0.5586666671875 0.58175 0.5848888890625 0.56775 0.5862222218750001 0.56475 0.5853333328125 0.561 0.5711111109375 0.55325 0.564 0.5515 0.5546666671875 0.5519999999999999 0.545777778125 0.55775 0.5377777781249999 0.57125 0.538222221875 0.576 0.54444444375 0.58175 0.5488888890625 0.58275 0.5586666671875 0.58175
0 0.46666666718750005 0.5035000000000001 0.4688888890625 0.50175 0.46799999999999997 0.48949999999999994 0.4653333328125 0.48575 0.45999999999999996 0.4835 0.442222221875 0.48150000000000004 0.42533333281249996 0.48475 0.42088888906250005 0.48875 0.42000000000000004 0.49450000000000005 0.44177777812499996 0.5025000000000001 0.46044444375 0.505 0.46666666718750005 0.5035000000000001
0 0.3351111109375 0.48075 0.33999999999999997 0.47474999999999995 0.3373333328125 0.47050000000000003 0.312 0.45325 0.30755555625 0.44775 0.3 0.44225000000000003 0.2928888890625 0.442 0.2831111109375 0.44675000000000004 0.27955555625 0.45 0.2773333328125 0.45675 0.278222221875 0.47074999999999995 0.2831111109375 0.479 0.3186666671875 0.48175 0.3351111109375 0.48075
0 0.404 0.46725000000000005 0.41155555625 0.46675000000000005 0.4191111109375 0.46475 0.42488888906250005 0.4605 0.42800000000000005 0.45549999999999996 0.42800000000000005 0.453 0.42222222187499997 0.4495 0.40311111093749996 0.44475 0.3906666671875 0.44475 0.37644444374999997 0.45175 0.376 0.45575 0.3808888890625 0.45999999999999996 0.3928888890625 0.465 0.404 0.46725000000000005
0 0.40488888906250003 0.42300000000000004 0.41733333281249996 0.41974999999999996 0.426222221875 0.41500000000000004 0.42488888906250005 0.40774999999999995 0.41733333281249996 0.40099999999999997 0.40088888906250003 0.397 0.38355555625000004 0.39675 0.37555555625000003 0.39725 0.372 0.40175 0.37333333281250003 0.41125 0.38 0.41875 0.3871111109375 0.42225 0.40488888906250003 0.42300000000000004
0 0.4911111109375 0.43274999999999997 0.5031111109374999 0.429 0.5226666671875 0.41825 0.5217777781249999 0.41574999999999995 0.5146666671875 0.41 0.506222221875 0.40774999999999995 0.48755555624999997 0.40750000000000003 0.48355555624999996 0.40975 0.4813333328125 0.41425 0.4813333328125 0.42874999999999996 0.48355555624999996 0.43274999999999997 0.486222221875 0.43324999999999997 0.4911111109375 0.43274999999999997
0 0.45199999999999996 0.35375 0.45599999999999996 0.355 0.473777778125 0.35550000000000004 0.47555555624999996 0.3545 0.47955555624999996 0.33849999999999997 0.4791111109375 0.3325 0.47644444375 0.32799999999999996 0.4688888890625 0.3275 0.44444444375 0.33425 0.44266666718750003 0.33399999999999996 0.4391111109375 0.33625 0.43777777812499996 0.33775 0.4391111109375 0.34225 0.4453333328125 0.34900000000000003 0.45199999999999996 0.35375
1 0.5048888890625001 0.38925 0.516 0.3845 0.522222221875 0.3755 0.5208888890625001 0.37275 0.516 0.36924999999999997 0.5066666671875 0.368 0.49555555625 0.36924999999999997 0.488 0.37124999999999997 0.48355555624999996 0.37425 0.4808888890625 0.3785 0.482222221875 0.38375 0.4871111109375 0.3875 0.492 0.389 0.5048888890625001 0.38925
0 0.4768888890625 0.27775 0.48755555624999997 0.27675 0.5093333328125 0.26549999999999996 0.5137777781249999 0.261 0.516 0.25475 0.514222221875 0.2485 0.5088888890625001 0.24100000000000002 0.497777778125 0.2375 0.4853333328125 0.23925000000000002 0.4773333328125 0.2375 0.4693333328125 0.23725000000000002 0.4671111109375 0.2385 0.4631111109375 0.2375 0.45955555625000005 0.23975 0.4613333328125 0.24575 0.45999999999999996 0.2485 0.47066666718750005 0.27349999999999997 0.4768888890625 0.27775
0 0.361777778125 0.31925 0.3711111109375 0.3185 0.38355555625000004 0.319 0.390222221875 0.313 0.3911111109375 0.30975 0.38044444374999997 0.29975 0.37155555625000003 0.29825 0.36044444375 0.29375 0.357777778125 0.29075 0.3591111109375 0.286 0.352 0.28900000000000003 0.34888888906250004 0.29325 0.34755555625 0.29674999999999996 0.34888888906250004 0.30575 0.35555555625 0.31775000000000003 0.361777778125 0.31925
0 0.3728888890625 0.5117499999999999 0.3826666671875 0.505 0.38133333281250004 0.5015 0.377777778125 0.49850000000000005 0.37155555625000003 0.49675 0.3573333328125 0.49675 0.352 0.5 0.352 0.50625 0.358222221875 0.51025 0.3653333328125 0.5125 0.3728888890625 0.5117499999999999
0 0.4631111109375 0.46749999999999997 0.46444444375 0.46349999999999997 0.4573333328125 0.45999999999999996 0.4391111109375 0.45549999999999996 0.434222221875 0.45575 0.43333333281249997 0.46299999999999997 0.4386666671875 0.46799999999999997 0.45066666718750004 0.47024999999999995 0.4631111109375 0.46749999999999997
0 0.497777778125 0.5425 0.5097777781249999 0.5405 0.5146666671875 0.5375 0.5173333328124999 0.533 0.5151111109375 0.5277499999999999 0.5097777781249999 0.5245 0.5031111109374999 0.5235000000000001 0.498222221875 0.5235000000000001 0.49466666718749996 0.52525 0.4893333328125 0.52825 0.4871111109375 0.53225 0.48666666718749996 0.5365 0.4893333328125 0.54075 0.4911111109375 0.542 0.497777778125 0.5425