0 0.4385160375 0.42034723749999997 0.41279838281250003 0.43525385156249996 0.411570559375 0.43829855625 0.41258978125 0.44201525 0.42707380937500006 0.4492641796875 0.4342416625 0.45076494062499994 0.44355186093750004 0.449939515625 0.4522346625 0.4438828015625 0.45975864531250005 0.4301118296875 0.45914869999999997 0.42538023281250004 0.452729596875 0.4198508890625 0.448252959375 0.41900660624999997 0.4385160375 0.42034723749999997
0 0.531031084375 0.4971653046875 0.5323469515625 0.5093768203125 0.5351428671875 0.5130314703125001 0.540551475 0.51509396875 0.558388221875 0.516472315625 0.5751534 0.51263488125 0.5794555375 0.508482209375 0.5801432140625 0.5027046890625 0.55809950625 0.49546959687500003 0.5393569625 0.4936225765625 0.533190878125 0.495338815625 0.531031084375 0.4971653046875
0 0.6818597859375 0.511910440625 0.6654602578125 0.5134837343750001 0.6607837453125 0.5196506984375 0.6635971109375001 0.5238050453125 0.6895170265624999 0.5401604156250001 0.6941507109375 0.5455019562500001 0.7018936109375 0.5507349203125 0.709009115625 0.5507365937500001 0.7186151640625 0.5456482484375 0.7220551296875 0.5422761406250001 0.724040428125 0.5354526984375 0.7226634875 0.5214922484375 0.7174896562499999 0.51341789375 0.6818597859375 0.511910440625
0 0.6082673437499999 0.5312405546875001 0.597084478125 0.5293796984375 0.5895509734375 0.530143078125 0.5820698203125 0.5324055453125001 0.5764438859375 0.5368545984375 0.5735091671875 0.541960128125 0.573596415625 0.5444586046875 0.579492821875 0.54775483125 0.5987580640625 0.5518349703125 0.6111949265625001 0.551400665625 0.625164190625 0.54390858125 0.625468765625 0.5398955062499999 0.62043453125 0.5358187156249999 0.6082673437499999 0.5312405546875001
0 0.5977404328125 0.5736337640625 0.58541699375 0.5773160890625 0.5766992921874999 0.5823734125 0.578284834375 0.5895724640625 0.586071359375 0.5960546671875 0.6026453828125 0.5994783265625 0.6199768812500001 0.59912325 0.627954559375 0.598344359375 0.6313509015625 0.5937230125 0.6296868359375 0.5842753328125 0.6227624828125 0.577012565625 0.6155335562500001 0.573762871875 0.5977404328125 0.5736337640625
0 0.511230465625 0.566898815625 0.4993686484375 0.571065325 0.48020017499999995 0.5824912546875 0.48117577031250003 0.5849587109375001 0.488483221875 0.590457034375 0.497001046875 0.59241095625 0.515665065625 0.5920093468750001 0.5195841062500001 0.58962111875 0.5216479281249999 0.58504630625 0.521141884375 0.5705551390625 0.5187814171875 0.5666351296875 0.5160989265625 0.5662285 0.511230465625 0.566898815625
0 0.5663571921874999 0.6555289109375 0.5599031890624999 0.6490001750000001 0.5530748109375 0.6444857328125 0.5490336234375001 0.6433760921875 0.531249225 0.6434968328124999 0.5295074296875 0.6445582671875 0.5260682578125 0.6606881171875 0.5267218296875 0.6666689515625001 0.5295439203125001 0.6710731453125 0.537112321875 0.67130915625 0.5613063046875 0.66371016875 0.5630917234374999 0.6638979734375 0.5665665890625 0.66152525625 0.5678467609375 0.6599796375 0.5663571921874999 0.6555289109375
1 0.5118689703125 0.6106531859375 0.49897920781250005 0.610853153125 0.48804063906249995 0.6159880328125 0.482136303125 0.6251997015625 0.483564796875 0.62790149375 0.48857285624999996 0.6312287421875 0.497944128125 0.632152253125 0.5090048453125 0.6305152421875 0.516486 0.628252775 0.5208230375 0.62509949375 0.5233397578125001 0.6207590171875 0.521824015625 0.6155587484375 0.5168072312499999 0.6119816515625 0.5118689703125 0.6106531859375
0 0.5460275359375 0.7610526890625 0.5495024 0.758679971875 0.547516309375 0.7527456703125 0.5487528562499999 0.7499508125000001 0.5372201999999999 0.725338303125 0.5308534453125 0.7213080453125 0.520228175 0.722679696875 0.49885628437499996 0.734682878125 0.4945715953125 0.7393352453125 0.4925688484375 0.7456589921875 0.494563665625 0.751843140625 0.5001554953125 0.7591524421875 0.5113819859375 0.7622625375000001 0.5237577765625 0.7600792984375 0.5318139765625001 0.7615490375 0.539817828125 0.7615196890625 0.541995071875 0.7601928953125 0.5460275359375 0.7610526890625
0 0.6594449015625 0.6978059515624999 0.6577982859375 0.6888579671875 0.6507168859375 0.6770979390625 0.6444461046875001 0.67581600625 0.6351446328125 0.676891278125 0.6226903171875 0.6768258875 0.6162371109375 0.6830548953125 0.6154621859375 0.6863339374999999 0.62647135 0.6959555843749999 0.6354071718750001 0.6971444531250001 0.6466685640625001 0.7012539390625 0.649438303125 0.704159046875 0.64827155625 0.7089526859374999 0.6552736359375 0.7057063390625 0.6582345296875001 0.7013503515624999 0.6594449015625 0.6978059515624999
0 0.6185420296874999 0.49435950625 0.6222001171875 0.49723359218749996 0.6284796218750001 0.4987653734375 0.6426931812500001 0.49826902500000003 0.6479098421875 0.494834875 0.6476917203125 0.48858868125 0.641333690625 0.48480827031249996 0.6341483875 0.482807815625 0.626623609375 0.48382104375 0.6170873593749999 0.490908171875 0.6185420296874999 0.49435950625
0 0.5672820109375001 0.5419274328125 0.5679173375000001 0.534650828125 0.5624127546875 0.5298400046875 0.5503415406250001 0.5280101687500001 0.5380006515625 0.5311927984375 0.536807728125 0.5352368937499999 0.5440366562500001 0.5384865875 0.562404825 0.5423479 0.5672820109375001 0.5419274328125
0 0.509238015625 0.45890256249999994 0.5074176953125 0.4577153671875 0.5007376390625 0.4574483359375 0.48881474843749995 0.4598659109375 0.4840335359375 0.46303470312500006 0.48152554218750004 0.4676250265625 0.4839296328125 0.47279427500000004 0.489373140625 0.47585616406250003 0.49607064687499997 0.47662289218750004 0.50095655625 0.47645227187500006 0.504448871875 0.4745792515625 0.5096742578125 0.4713949484375 0.5117555281249999 0.4673198296875 0.512051378125 0.46305690781250003 0.509238015625 0.45890256249999994