0 0.49155555624999997 0.625 0.5133333328125 0.61625 0.518222221875 0.6125 0.516 0.6054999999999999 0.50444444375 0.59875 0.488 0.5972500000000001 0.4813333328125 0.59775 0.4773333328125 0.599 0.47644444375 0.6025 0.47555555624999996 0.61625 0.4773333328125 0.628 0.484 0.6275000000000001 0.49155555624999997 0.625
0 0.38355555625000004 0.638 0.38355555625000004 0.6295 0.38 0.624 0.376 0.6214999999999999 0.3711111109375 0.621 0.36444444374999996 0.62225 0.3546666671875 0.6285000000000001 0.3546666671875 0.63375 0.35955555625 0.638 0.37244444374999996 0.64025 0.38355555625000004 0.638
0 0.7408888890625 0.47300000000000003 0.7413333328125 0.46699999999999997 0.7373333328125 0.457 0.734222221875 0.45675 0.7253333328125 0.46325000000000005 0.7248888890625 0.46699999999999997 0.7271111109375 0.47024999999999995 0.734222221875 0.47325 0.7408888890625 0.47300000000000003
0 0.6613333328125 0.4165 0.6648888890625 0.41150000000000003 0.661777778125 0.40800000000000003 0.658222221875 0.40700000000000003 0.654222221875 0.40700000000000003 0.64444444375 0.41075 0.6448888890625 0.41475 0.653777778125 0.4185 0.658222221875 0.41825 0.6613333328125 0.4165
0 0.6288888890625 0.43525 0.624 0.43174999999999997 0.6164444437500001 0.43224999999999997 0.609777778125 0.43624999999999997 0.6093333328125 0.43975 0.626222221875 0.44375 0.630222221875 0.4425 0.6288888890625 0.43525
0 0.57555555625 0.35225 0.5706666671875 0.34675 0.5653333328125 0.34500000000000003 0.5595555562500001 0.34525 0.5528888890625 0.35025 0.553777778125 0.35550000000000004 0.56044444375 0.35775 0.572 0.35575 0.57555555625 0.35225
0 0.717777778125 0.33275 0.7186666671874999 0.3315 0.7168888890625 0.32799999999999996 0.7031111109375 0.31025 0.7013333328125 0.3145 0.69155555625 0.321 0.6911111109375 0.32725 0.6951111109375 0.33175 0.69955555625 0.33275 0.717777778125 0.33275
0 0.6613333328125 0.29725 0.6666666671875 0.29 0.665777778125 0.28650000000000003 0.661777778125 0.28450000000000003 0.649777778125 0.28500000000000003 0.6448888890625 0.28625 0.641777778125 0.2885 0.64355555625 0.29300000000000004 0.64755555625 0.2965 0.6546666671875 0.29825 0.6613333328125 0.29725
0 0.69644444375 0.28375 0.6991111109375 0.279 0.69555555625 0.277 0.688 0.27575 0.682222221875 0.27675 0.6786666671875 0.27949999999999997 0.6777777781250001 0.28300000000000003 0.68044444375 0.28625 0.6888888890625 0.28675 0.69644444375 0.28375
0 0.37466666718749997 0.41900000000000004 0.37555555625000003 0.41475 0.3728888890625 0.41275000000000006 0.3693333328125 0.41200000000000003 0.3631111109375 0.41275000000000006 0.36044444375 0.41475 0.358222221875 0.4185 0.36222222187500003 0.42374999999999996 0.365777778125 0.42400000000000004 0.37466666718749997 0.41900000000000004
0 0.30044444375 0.40650000000000003 0.29555555624999996 0.40374999999999994 0.29111111093750003 0.404 0.2871111109375 0.40725 0.2893333328125 0.41150000000000003 0.29733333281249996 0.41174999999999995 0.30044444375 0.41025 0.30044444375 0.40650000000000003