0 0.7088888890625 0.47725 0.724 0.481 0.7413333328125 0.4845 0.752 0.48425 0.761777778125 0.48125 0.7733333328125 0.47325 0.778222221875 0.4615 0.776 0.45499999999999996 0.758222221875 0.45075000000000004 0.738222221875 0.44075 0.7128888890625 0.4335 0.6968888890625 0.43324999999999997 0.6817777781250001 0.43550000000000005 0.67155555625 0.442 0.665777778125 0.45 0.6648888890625 0.453 0.66755555625 0.4565 0.6817777781250001 0.46749999999999997 0.7088888890625 0.47725
0 0.712 0.39525 0.734222221875 0.40449999999999997 0.7408888890625 0.40549999999999997 0.750222221875 0.40425000000000005 0.762222221875 0.39875 0.761777778125 0.39375 0.75555555625 0.38675000000000004 0.750222221875 0.383 0.74044444375 0.37025 0.734222221875 0.36675 0.726222221875 0.36575 0.710222221875 0.36150000000000004 0.7022222218749999 0.36124999999999996 0.696 0.36225 0.6728888890625 0.3725 0.666222221875 0.3765 0.66844444375 0.3795 0.6888888890625 0.3915 0.712 0.39525
0 0.48755555624999997 0.42699999999999994 0.502222221875 0.42800000000000005 0.51644444375 0.42525 0.5333333328125 0.418 0.5426666671875 0.40725 0.5431111109375 0.40049999999999997 0.54 0.39725 0.5311111109375 0.3935 0.505777778125 0.3935 0.4888888890625 0.3955 0.4813333328125 0.3975 0.473777778125 0.40075000000000005 0.4688888890625 0.40499999999999997 0.46755555624999995 0.40725 0.46844444375 0.41275000000000006 0.4768888890625 0.422 0.48755555624999997 0.42699999999999994
0 0.33155555625 0.41925 0.3413333328125 0.4205 0.3546666671875 0.41950000000000004 0.36622222187500003 0.41624999999999995 0.37644444374999997 0.41150000000000003 0.37244444374999996 0.40774999999999995 0.35644444375 0.4 0.309777778125 0.3835 0.3031111109375 0.38275000000000003 0.29511111093750003 0.38825 0.292 0.3935 0.292 0.40049999999999997 0.29555555624999996 0.40525 0.30044444375 0.40824999999999995 0.33155555625 0.41925
0 0.256 0.377 0.2653333328125 0.37374999999999997 0.2706666671875 0.36974999999999997 0.2671111109375 0.36625 0.24177777812499998 0.35150000000000003 0.2311111109375 0.34725 0.22444444375 0.34725 0.2191111109375 0.34950000000000003 0.2093333328125 0.35550000000000004 0.2053333328125 0.36 0.205777778125 0.366 0.234222221875 0.377 0.24755555624999998 0.37775 0.256 0.377
0 0.23777777812499998 0.33199999999999996 0.2488888890625 0.329 0.25955555625 0.32125 0.2653333328125 0.311 0.26355555625 0.305 0.25955555625 0.3 0.2551111109375 0.2975 0.25155555625 0.2975 0.24444444375000002 0.30025 0.20800000000000002 0.325 0.20444444375 0.32799999999999996 0.206222221875 0.32925 0.22355555625 0.33225 0.23777777812499998 0.33199999999999996
0 0.312 0.29175 0.31422222187500004 0.29175 0.3231111109375 0.28650000000000003 0.32799999999999996 0.28175 0.32844444375 0.27525 0.32577777812500003 0.271 0.3231111109375 0.268 0.317777778125 0.26575000000000004 0.3066666671875 0.26575000000000004 0.30355555624999997 0.26425 0.2866666671875 0.27675 0.285777778125 0.27925 0.2888888890625 0.2815 0.305777778125 0.29025 0.312 0.29175
0 0.58444444375 0.30074999999999996 0.59155555625 0.30175 0.59555555625 0.30125 0.602222221875 0.29874999999999996 0.613777778125 0.29175 0.62355555625 0.2785 0.6266666671875 0.26875 0.6244444437500001 0.26549999999999996 0.621777778125 0.2645 0.6048888890625 0.265 0.58355555625 0.26975 0.5786666671875 0.272 0.5733333328125 0.27725 0.5671111109375 0.28625 0.5688888890625 0.2935 0.5733333328125 0.29700000000000004 0.58444444375 0.30074999999999996
0 0.59244444375 0.33199999999999996 0.6044444437500001 0.331 0.6191111109375 0.3265 0.644 0.322 0.648 0.3195 0.6559999999999999 0.3105 0.6586666671875 0.307 0.6586666671875 0.3035 0.6559999999999999 0.3005 0.6506666671875 0.29825 0.644 0.2975 0.626222221875 0.29825 0.6128888890625 0.302 0.6048888890625 0.30274999999999996 0.5911111109375 0.30625 0.5746666671875 0.314 0.5648888890625 0.321 0.56355555625 0.32475 0.5653333328125 0.3265 0.5768888890625 0.3315 0.59244444375 0.33199999999999996
0 0.4631111109375 0.308 0.4688888890625 0.30874999999999997 0.498222221875 0.309 0.5257777781249999 0.307 0.5306666671875 0.3045 0.5413333328125 0.29425 0.5506666671875 0.28275 0.550222221875 0.27425 0.5408888890625 0.268 0.5333333328125 0.26675 0.52044444375 0.26675 0.501777778125 0.2605 0.49644444375 0.26 0.485777778125 0.2605 0.474222221875 0.264 0.46044444375 0.27125 0.45688888906249997 0.27575 0.45599999999999996 0.27999999999999997 0.45955555625000005 0.29075 0.45955555625000005 0.304 0.4631111109375 0.308
0 0.512 0.18375 0.522222221875 0.185 0.54044444375 0.1835 0.5395555562500001 0.17925 0.532 0.17175 0.512 0.158 0.502222221875 0.161 0.49466666718749996 0.16525 0.49244444375 0.16825 0.4933333328125 0.17250000000000001 0.5048888890625001 0.1815 0.512 0.18375
0 0.394222221875 0.18225 0.394222221875 0.17975000000000002 0.393777778125 0.1755 0.3888888890625 0.1675 0.3911111109375 0.16525 0.390222221875 0.16399999999999998 0.3871111109375 0.16425 0.376 0.172 0.365777778125 0.18475 0.36622222187500003 0.18725 0.3728888890625 0.18825 0.3911111109375 0.186 0.394222221875 0.18225
0 0.1888888890625 0.75075 0.2133333328125 0.77675 0.2173333328125 0.7795 0.22177777812500002 0.78025 0.2271111109375 0.7787499999999999 0.2511111109375 0.76075 0.254222221875 0.755 0.253777778125 0.75175 0.2506666671875 0.74825 0.2311111109375 0.7344999999999999 0.19866666718749998 0.718 0.18755555625 0.70975 0.18 0.70625 0.1666666671875 0.70275 0.1653333328125 0.7030000000000001 0.16799999999999998 0.70975 0.1826666671875 0.731 0.1888888890625 0.75075
0 0.709777778125 0.64325 0.72044444375 0.6415 0.734222221875 0.634 0.742222221875 0.625 0.74755555625 0.61025 0.7448888890625 0.6035 0.7408888890625 0.60325 0.724 0.5985 0.713777778125 0.59975 0.7053333328125 0.6052500000000001 0.6813333328125 0.63025 0.6808888890625 0.63475 0.6853333328125 0.63825 0.69244444375 0.641 0.709777778125 0.64325
0 0.502222221875 0.325 0.5008888890625001 0.3205 0.49466666718749996 0.31825000000000003 0.4813333328125 0.3185 0.47555555624999996 0.32175 0.474222221875 0.32475 0.48444444375 0.32875 0.49555555625 0.3285 0.502222221875 0.325
0 0.324 0.344 0.3346666671875 0.3445 0.337777778125 0.34325 0.337777778125 0.33849999999999997 0.334222221875 0.335 0.3213333328125 0.33075 0.313777778125 0.331 0.3093333328125 0.33325 0.3071111109375 0.33475 0.308 0.33849999999999997 0.31422222187500004 0.34225 0.324 0.344