0 0.314307253125 0.2620632015625 0.29456493125 0.27320177968750003 0.293574959375 0.276653146875 0.29518451562500003 0.2813674765625 0.29555668125 0.2912936515625 0.2970426765625 0.298683490625 0.305894715625 0.31832886562499996 0.3061422828125 0.318363659375 0.30799836875 0.31054589374999997 0.31158772031250004 0.3065622234375 0.31777496875 0.284093546875 0.31833136562500003 0.276541934375 0.31622623125 0.26637220625 0.314307253125 0.2620632015625
0 0.43265969687499994 0.46540245156250004 0.43105088125 0.4696644703125 0.430308625 0.4749459 0.43198033281250003 0.48281064999999995 0.436313125 0.48790770781250004 0.4370558265625 0.4880120875 0.43909806875 0.4860550453125 0.43996433125 0.4834839171875 0.4405199859375 0.46695595624999997 0.43996270156249995 0.46373594687499997 0.43649661562500003 0.4614535734375 0.43265969687499994 0.46540245156250004
0 0.4576025546875 0.4747425015625 0.461254946875 0.48468086718750003 0.4634211953125 0.485434128125 0.4651541640625 0.4856776796875 0.4690529375 0.48128868281250003 0.4705378953125 0.47611163124999994 0.4655850734375 0.45746306875 0.461995425 0.45785620156249995 0.45840651875000005 0.46722568124999997 0.4576025546875 0.4747425015625
0 0.4857164515625 0.6609114265625 0.48435550000000005 0.6687987765625001 0.4844798015625 0.6750996203125 0.48677005624999997 0.6785631796875 0.488503025 0.6788067328125 0.49035970312500005 0.678170046875 0.49165924531250005 0.676108625 0.493391325 0.6655805578125 0.49301960468750006 0.6610401921875 0.48967722656249996 0.6578775796875 0.4857164515625 0.6609114265625
0 0.5680761875 0.452119515625 0.5704904484375 0.4582933765625 0.5738326765624999 0.459660721875 0.5741420984375 0.4592553953125 0.5758129171874999 0.45634852812500004 0.5770498625 0.44575087656249995 0.5763687203125001 0.4416158375 0.5729646359375 0.4406886109375 0.568508875 0.44544814062500004 0.5680761875 0.452119515625
0 0.591968109375 0.4761226703125 0.5924639843749999 0.4851686046875 0.593702115625 0.4889331125 0.59667299375 0.490248265625 0.5980346125 0.49043962968750004 0.6018716796875 0.4882860203125 0.60211835625 0.4775491953125 0.6001993796875 0.473240190625 0.5970427140625 0.4705524875 0.5934530671875 0.4709456203125 0.591968109375 0.4761226703125
0 0.6262545859374999 0.4620912046875 0.622788646875 0.4616041 0.6179613125000001 0.4636185359375 0.61635235 0.4660852828125 0.6158575109375 0.4696062375 0.616538803125 0.475536546875 0.617034084375 0.4774014015625 0.62229514375 0.4812824796875 0.6230379921875 0.48318212968749996 0.6235331265624999 0.4832517171875 0.63027899375 0.4801604765625 0.6340543546874999 0.4802422578125 0.6350444734375 0.4785861609375 0.634239325 0.47174082031250003 0.63262976875 0.4670264890625 0.6262545859374999 0.4620912046875
0 0.3700838359375 0.41666369843749995 0.3700844296875 0.42384477656249997 0.3712608546875 0.4298446703125 0.3729938234375 0.4300882234375 0.3747267921875 0.4303317765625 0.3767071796875 0.4288148546875 0.3773875828125 0.42397354375 0.376892003125 0.418518146875 0.374230325 0.4141047609375 0.3722497890625 0.413826415625 0.3700838359375 0.41666369843749995
0 0.48575845156249997 0.41990514843750004 0.48749156875 0.4219439703125 0.4884818359375 0.42208314375 0.4925664703125 0.4199643296875 0.4943607015625 0.4125866828125 0.4938031203125 0.4057761375 0.49052274531249995 0.4039686734375 0.4863769984375 0.41550395625 0.48575845156249997 0.41990514843750004
0 0.4990671421875 0.4455626125 0.4988201671875 0.4527088984375 0.500553284375 0.454747721875 0.5020386859375 0.45495648125 0.5051330515625 0.4526984921875 0.5064324453125 0.44884179843750005 0.505813009375 0.44247137187499996 0.5029039109375 0.43981846406249997 0.4999952578125 0.44255136562499997 0.4990671421875 0.4455626125
0 0.3806096578125 0.46930760156250007 0.38085752031250003 0.472932934375 0.382157359375 0.4744620515625 0.3831476265625 0.47460122499999996 0.386489559375 0.47237802812499996 0.387293521875 0.4648612109375 0.3860555390625 0.46289197499999996 0.38364172343749997 0.4621039234375 0.381290059375 0.464466290625 0.3806096578125 0.46930760156250007
0 0.41372178281250005 0.4744100203125 0.41471205156249996 0.47454919375 0.4166924390625 0.47303226875000004 0.416382425 0.46625651562500003 0.415392009375 0.464322071875 0.4113072265625 0.46464561875 0.41056511875 0.4717223171875 0.41372178281250005 0.4744100203125
0 0.3606854765625 0.5266482828125 0.36093334062500004 0.530273615625 0.36340930625 0.5342120890625 0.3641520078125 0.5343164687499999 0.36774150625 0.532128065625 0.36972145 0.5252253328125 0.36891645 0.5201752625 0.36557407343750004 0.5170126484375 0.36210843125 0.5201160828125 0.3606854765625 0.5266482828125
0 0.39533996875 0.4722754359375 0.3963305328125 0.47600515000000004 0.3986206390625 0.47767343906250004 0.399858475 0.47784740625 0.40208628125 0.4745700046875 0.4031378109375 0.4670879796875 0.4004141296875 0.46131944531249996 0.398371590625 0.459685946875 0.395958071875 0.462488434375 0.39533996875 0.4722754359375
0 0.0976430765625 0.460058475 0.0968391125 0.46757529375000006 0.0988819484375 0.47279933124999995 0.0991913703125 0.4723940046875 0.102224028125 0.4723714046875 0.1048849671875 0.467808440625 0.1058746421875 0.460766534375 0.1046363625 0.45520675937500005 0.10061343593750001 0.45509018437500004 0.0976430765625 0.460058475
0 0.5915935734375 0.437472178125 0.5907893140625 0.44139845624999996 0.591965590625 0.4456030828125 0.595122403125 0.450086053125 0.5987121984375 0.451488190625 0.5994549 0.4515925703125 0.6010020093749999 0.44956594218749996 0.6013112828125 0.447365346875 0.6003822765625 0.43960497500000006 0.5984632984375 0.43529596875000004 0.593264390625 0.4345653109375 0.5915935734375 0.437472178125
0 0.580391203125 0.4363466 0.5808863359374999 0.4364161875 0.5855898140625 0.43348671875000006 0.5858986421875 0.42590031406250006 0.583360821875 0.42240196093750004 0.5791524781249999 0.42540101406249997 0.5779152359374999 0.43240812812499996 0.580391203125 0.4363466
0 0.57457508125 0.45617456093750003 0.57073771875 0.4547376296875 0.570118875 0.45554828281250004 0.5706760125 0.45697302031250003 0.571913846875 0.4571469875 0.57457508125 0.45617456093750003