0 0.5215333656250001 0.51152480625 0.5392675921875 0.5115890578125 0.5703225859375001 0.5080551359375 0.5820272875 0.503266959375 0.5882174953125 0.5024623593750001 0.5966002734375 0.49914703437499996 0.6115607625 0.4882995296875 0.6117545125 0.484935740625 0.6080876515625 0.48264813437500004 0.6034851875 0.4759588625 0.5918419609375001 0.4682103015625 0.584976040625 0.46583592031250004 0.560829534375 0.4612561828125 0.5539447046875 0.460930503125 0.544068728125 0.4614961953125 0.5279836343750001 0.46491518750000005 0.5186274359375 0.46792625 0.5124844562499999 0.4753660234375 0.5007419375 0.48425160156249997 0.49475489218749996 0.4924249875 0.4986438265625 0.500032678125 0.5083402125 0.5071727140625 0.5215333656250001 0.51152480625
0 0.2458840125 0.7730504921875 0.2489271390625 0.7724036562500001 0.260319971875 0.7661482578125 0.26379783125 0.765409015625 0.27442515625 0.7598275015625 0.289924334375 0.749376665625 0.302011790625 0.7442515453125 0.3188907984375 0.7253286921875 0.31844190625 0.7210791609375 0.30984180625 0.7126837625 0.30497470312499997 0.7111624453125 0.28301601875000004 0.7104626203125 0.25915772187499997 0.7157894421875 0.2498535015625 0.719045040625 0.23618779843749999 0.7188827546875001 0.2053218078125 0.7254435234375001 0.20276539218749998 0.726242490625 0.1907251640625 0.7380027859375 0.196003340625 0.7478710359375 0.20375288593750002 0.75440254375 0.2167522875 0.762118428125 0.23130161562499998 0.7664378421875 0.23927798125000002 0.771898796875 0.2458840125 0.7730504921875
0 0.297515175 0.22074660625 0.307759746875 0.2155020328125 0.3123008203125 0.21121419062500002 0.3133640375 0.207665590625 0.312395365625 0.20097068906249999 0.3061059515625 0.1948955765625 0.264848953125 0.19318603125 0.255426615625 0.1916106171875 0.24808814531249998 0.19342604375 0.23899183750000003 0.19765978906249998 0.2324141265625 0.20519196874999998 0.2278872109375 0.21382174843750001 0.22970643906250002 0.22238054062499998 0.23954459843749998 0.22591224843750002 0.24404785625 0.22572180625 0.26183880937500004 0.21963995625 0.2735387625 0.22124241718749998 0.2761282484375 0.2227366859375 0.289203284375 0.22225776718749998 0.297515175 0.22074660625
0 0.613022096875 0.15956199843750002 0.616844890625 0.162583215625 0.6159565171875 0.164816725 0.6226995734375 0.1687507328125 0.627897453125 0.1696905703125 0.6252748984375 0.1659030640625 0.6275383546875 0.161588175 0.6387185296875 0.160745265625 0.6411709890624999 0.1594572234375 0.646057 0.15892984062499999 0.648632325 0.156082171875 0.6549453984375 0.153717946875 0.662978490625 0.1530328 0.66600270625 0.154434665625 0.6700381625 0.15204339218750001 0.6734971109375001 0.15335285 0.67866666875 0.1456088125 0.6792762437500001 0.14420131875 0.6692679890625 0.1355940625 0.636752953125 0.1151577359375 0.6258185078125 0.112881390625 0.6232620921875001 0.11368035937500001 0.6210695203125 0.11619108593750001 0.61214805625 0.11910974218749999 0.6136932328125 0.12210391093749999 0.6104232859375001 0.1238213 0.6066807890625 0.1297284953125 0.5977545765625 0.139037790625 0.596899271875 0.1435645390625 0.5992430265625 0.1481780609375 0.598023875 0.1509930515625 0.60161985 0.15508482031249998 0.613022096875 0.15956199843750002
0 0.21180203125000002 0.2407545921875 0.2109703859375 0.2368420015625 0.20419426093749998 0.23061475781250002 0.199171225 0.22835982968750002 0.19213046250000002 0.22730053906249997 0.1818717296875 0.2282031734375 0.1780630953125 0.22952389375 0.1715232015625 0.23295867343749999 0.1646856015625 0.23926816718750002 0.163726340625 0.2433058421875 0.1659613921875 0.253820928125 0.1684989 0.2550706609375 0.184059465625 0.2555969375 0.1907363828125 0.2549444703125 0.2010329328125 0.249944434375 0.2097134171875 0.2437543921875 0.21180203125000002 0.2407545921875
0 0.20551253125 0.25819333125 0.214136290625 0.258149390625 0.2333023265625 0.2499861625 0.2381222 0.24487230312500002 0.2407873203125 0.238171771875 0.23894918281250002 0.23166168125 0.23253215625 0.23353683281249998 0.219783146875 0.239824909375 0.20469979375 0.252232040625 0.20325382187500002 0.256117584375 0.20551253125 0.25819333125
0 0.11875896875 0.5084491 0.111122790625 0.5131392421875 0.10798986875000001 0.5176389421875001 0.1095492078125 0.52497505 0.11401464531250001 0.528882009375 0.120341878125 0.5308597203125001 0.12820012812499998 0.5314896640625 0.13489595468749999 0.5287884968750001 0.13948900625 0.5247451921875 0.1442049234375 0.5191422609375 0.14565089375 0.5152567171875 0.1424565828125 0.5087793046875 0.1343573515625 0.5048779765625 0.11875896875 0.5084491
0 0.380970040625 0.0810936109375 0.36432735 0.08616463437500001 0.35822218906250003 0.0895070078125 0.35298649375 0.0926645703125 0.34357356875 0.1018217328125 0.345080928125 0.108913303125 0.3522917859375 0.1150481421875 0.3871270078125 0.125023478125 0.393647990625 0.12363740000000001 0.395476715625 0.11941491562499999 0.397532346875 0.0906080265625 0.3963368546875 0.0849836765625 0.39274088125 0.0808919078125 0.380970040625 0.0810936109375
0 0.5288801265624999 0.8261220328125001 0.5263237125 0.8269209999999999 0.51863555625 0.8313666062499999 0.514963946875 0.8354696374999999 0.5134659984375001 0.8391106421875 0.5161405296875 0.8431426859375 0.5321310796875001 0.8499671953125001 0.5357648703125 0.849961565625 0.5434860953125 0.8478091984375 0.550219740625 0.8410106296875 0.551438890625 0.8381956390624999 0.5505221953125 0.831745275 0.5399374375 0.8268387515625 0.5288801265624999 0.8261220328125001
0 0.46292912499999994 0.6441065421875 0.46506496875 0.6477419171875 0.4732539953125 0.64779038125 0.48831369062499996 0.6438225890625 0.4934974078125 0.6404204890625 0.4937431375 0.6373012359375 0.49112058437500006 0.6335137296875 0.4885830765625 0.632263996875 0.484514553125 0.6323620328125 0.4682026375 0.636851578125 0.46292912499999994 0.6441065421875
0 0.3477249875 0.6921077703125 0.347068184375 0.686880090625 0.34247988125 0.6845327578125 0.33590691875 0.6856742984374999 0.3292961390625 0.690913240625 0.330543609375 0.6967821265625 0.334872021875 0.697906775 0.3418277390625 0.6964282921875 0.3477249875 0.6921077703125
0 0.7444316109375 0.811997709375 0.7441197421875 0.8105304875 0.735628346875 0.796233525 0.7286395609375 0.795418771875 0.7178232328124999 0.7979734374999999 0.714326465625 0.8007613796875 0.7083914 0.8091793015625001 0.71038546875 0.8164230031249999 0.71398144375 0.8205147734375 0.716901703125 0.8214275640625001 0.7152998 0.8245794953125 0.71615035625 0.826443384375 0.7176104859375 0.8268997796875001 0.7302886078124999 0.8224158656249999 0.74032526875 0.8161931453125 0.7444316109375 0.811997709375