0 0.7824492875 0.5518171515625 0.7880815234375 0.549401396875 0.7916625453125 0.5463753953125 0.7968846843749999 0.5374005453125 0.7988667359375 0.5213519765625 0.80117531875 0.5176201125000001 0.8005078515624999 0.515403128125 0.7983871171875 0.514226684375 0.7913781609375 0.5150872765625001 0.7782850859375 0.5146833328125 0.7744259796875 0.5154445390625 0.7726528484374999 0.5170990875 0.7741889625 0.54248616875 0.775377834375 0.548949640625 0.776893596875 0.5516372031250001 0.778944809375 0.5522474468749999 0.7824492875 0.5518171515625
0 0.8288295031249999 0.478878425 0.8421588765625 0.484425965625 0.8430071703124999 0.48489654375 0.8463378468749999 0.48305075156250005 0.8475895734375 0.47714971093749997 0.8466787859375 0.47295103281250006 0.8443494890625001 0.47007599375 0.8412343984374999 0.470458478125 0.8326261109375 0.4743891171875 0.8288295031249999 0.478878425
0 0.7159632546875 0.4835409015625 0.7151079375 0.486232228125 0.717013084375 0.488871978125 0.7210459921875 0.48952626875 0.7245504687500001 0.48909597343750005 0.7279506671875 0.48781638125000004 0.7310727828125 0.4842719921875 0.7308364859375 0.47912839375000005 0.727019165625 0.477010796875 0.7231948203125 0.4780551015625 0.7159632546875 0.4835409015625
0 0.8009264140625 0.45442986406249997 0.8061622390625001 0.45522382187500005 0.8084985578125 0.4549369578125 0.8114398484375 0.45313897656249996 0.810424778125 0.4480909984375 0.8074905109375001 0.446727078125 0.7999183671875 0.446219984375 0.7972969421875 0.4474039546875 0.79785310625 0.45193354531249996 0.8009264140625 0.45442986406249997
0 0.830123734375 0.437913353125 0.8268973374999999 0.44060844374999997 0.825791675 0.44447997812500006 0.826424384375 0.4464138609375 0.8291083046875001 0.448957990625 0.8347682765625001 0.4499872359375 0.8351576640625 0.449939425 0.841144525 0.44719276093750004 0.8429176578125 0.4455382109375 0.8433140671875 0.4423284984375 0.8373412546875001 0.43875135781249996 0.830123734375 0.437913353125
0 0.654727815625 0.3775495765625 0.648212525 0.37921165625 0.6453684921875 0.3850208390625 0.64610548125 0.38780402187499996 0.6482609734375 0.3892635640625 0.654664959375 0.3899140890625 0.6577800500000001 0.38953160468750003 0.6596574625 0.388726353125 0.6641633234375 0.3835752265625 0.6621886546875 0.3803692765625 0.658336575 0.3779685796875 0.654727815625 0.3775495765625
0 0.7658438046875 0.28459286875 0.761817921875 0.280776675 0.76209564375 0.299134084375 0.7637156859374999 0.30267094375000003 0.7670393390625 0.3039870546875 0.7683117796875 0.30469291875 0.7687987828125 0.292563696875 0.7658438046875 0.28459286875
0 0.7097863828125 0.5877515625 0.70157450625 0.5884724875 0.6981672859375 0.592913984375 0.6982297828124999 0.596642084375 0.6999958890625 0.5981494390625001 0.7076027953125 0.59893963125 0.711107271875 0.5985093359375 0.7141180828125 0.597277553125 0.71621108125 0.5950089937499999 0.715300290625 0.590810315625 0.7122269828125 0.588313996875 0.7097863828125 0.5877515625
0 0.81067044375 0.656114775 0.8152665375 0.6581367515625 0.8187710156250001 0.65770645625 0.82394434375 0.6547723109375 0.8231725953125 0.65170603125 0.8205929546874999 0.6500111984375 0.8141542109375 0.6490775734375 0.8115327859375 0.650261546875 0.8101838000000001 0.652151384375 0.81067044375 0.656114775
0 0.8007852124999999 0.54985315 0.8088580484375001 0.5479998296875 0.8153873859375 0.5400139453125 0.8142262499999999 0.5369954734375 0.8033374765625 0.5320103656249999 0.799867759375 0.5327237609375 0.794353490625 0.545757621875 0.79844889375 0.5501400140625 0.8007852124999999 0.54985315
0 0.8625 0.478125 0.865625 0.4796875 0.8640625 0.490625 0.86875 0.4953125 0.871875 0.4953125 0.871875 0.5 0.8671875 0.5015625 0.8734375 0.5078125 0.8734375 0.51875 0.871875 0.521875 0.8625 0.5234375 0.853125 0.5328125 0.846875 0.5328125 0.8515625 0.521875 0.8484375 0.5171875 0.840625 0.5234375 0.8359375 0.5234375 0.834375 0.51875 0.8484375 0.5078125 0.8546875 0.4953125 0.853125 0.484375 0.85625 0.4796875 0.8609375 0.478125