0 0.38775 0.51555555625 0.39175 0.51155555625 0.39249999999999996 0.4991111109375 0.3915 0.49155555624999997 0.38875000000000004 0.47955555624999996 0.38625 0.474222221875 0.38375 0.47155555624999995 0.37725 0.47244444375 0.374 0.47644444375 0.371 0.484 0.37 0.4991111109375 0.37275 0.5097777781249999 0.37975 0.5151111109375 0.38775 0.51555555625
0 0.40800000000000003 0.6728888890625 0.41075 0.67244444375 0.425 0.653777778125 0.43224999999999997 0.6324444437500001 0.4345 0.62 0.433 0.614222221875 0.42725 0.60755555625 0.41025 0.6084444437500001 0.40625 0.6106666671875 0.40099999999999997 0.6164444437500001 0.39875 0.6226666671875 0.39775 0.629777778125 0.3975 0.64844444375 0.399 0.6573333328125 0.40425000000000005 0.66844444375 0.40800000000000003 0.6728888890625
0 0.5395 0.502222221875 0.54425 0.49866666718749997 0.54875 0.4848888890625 0.54725 0.4791111109375 0.54 0.472 0.52275 0.4613333328125 0.52 0.4631111109375 0.51925 0.46844444375 0.5205 0.4733333328125 0.53575 0.49866666718749997 0.5395 0.502222221875
0 0.3865 0.64044444375 0.388 0.6288888890625 0.38625 0.62355555625 0.383 0.621777778125 0.3795 0.6253333328124999 0.37625000000000003 0.632 0.3775 0.64355555625 0.38075000000000003 0.64755555625 0.3835 0.6466666671875 0.3865 0.64044444375
0 0.46399999999999997 0.6639999999999999 0.4605 0.66044444375 0.45575 0.6608888890625 0.45225 0.66355555625 0.45 0.66844444375 0.4495 0.6786666671875 0.4535 0.6808888890625 0.461 0.67244444375 0.46399999999999997 0.6639999999999999
0 0.3175 0.7026666671874999 0.324 0.69244444375 0.325 0.6866666671874999 0.32425000000000004 0.682222221875 0.3195 0.6786666671875 0.31725 0.6786666671875 0.3145 0.6853333328125 0.3125 0.6933333328125 0.31074999999999997 0.696 0.31225 0.69955555625 0.3175 0.7026666671874999
0 0.41125 0.7106666671874999 0.4135 0.7026666671874999 0.41125 0.7008888890625 0.40774999999999995 0.7017777781250001 0.40075000000000005 0.7088888890625 0.397 0.7168888890625 0.3995 0.7186666671874999 0.40425000000000005 0.718222221875 0.41125 0.7106666671874999
0 0.18575 0.6408888890625 0.18925 0.6306666671875 0.18925 0.6231111109375 0.1865 0.609777778125 0.18275 0.6066666671875 0.18025 0.6066666671875 0.1755 0.610222221875 0.16899999999999998 0.61955555625 0.16999999999999998 0.624 0.18125 0.6386666671875 0.18575 0.6408888890625
0 0.16999999999999998 0.48755555624999997 0.16999999999999998 0.4773333328125 0.16625 0.472 0.16125 0.4711111109375 0.15775 0.473777778125 0.1565 0.477777778125 0.15625 0.4848888890625 0.15875 0.4911111109375 0.1645 0.492 0.16999999999999998 0.48755555624999997
0 0.231 0.4653333328125 0.23424999999999999 0.45955555625000005 0.23424999999999999 0.45066666718750004 0.231 0.44444444375 0.22400000000000003 0.44088888906249996 0.21949999999999997 0.4453333328125 0.22025 0.4533333328125 0.22349999999999998 0.45999999999999996 0.22725 0.46399999999999997 0.231 0.4653333328125
0 0.2205 0.41822222187499997 0.22400000000000003 0.41111111093749997 0.22374999999999998 0.40177777812500004 0.22225 0.39955555625 0.22000000000000003 0.39911111093749996 0.21275 0.40533333281250006 0.21175000000000002 0.40755555625 0.2125 0.41111111093749997 0.217 0.41777777812499994 0.2205 0.41822222187499997
0 0.2895 0.5573333328125 0.294 0.550222221875 0.29500000000000004 0.546222221875 0.29100000000000004 0.54 0.28475 0.5386666671875 0.28175 0.54 0.27975 0.5475555562500001 0.27949999999999997 0.550222221875 0.28175 0.5573333328125 0.28650000000000003 0.5591111109375 0.2895 0.5573333328125