0 0.6341775562499999 0.42422482656250005 0.6388237578125 0.42323724531250007 0.64288285 0.41828509687500004 0.643855365625 0.4144433921875 0.64374606875 0.403107284375 0.634860490625 0.391364765625 0.6308825421875001 0.3894840625 0.6276438359375 0.3910812171875 0.6241718546875 0.39999793437500003 0.6251285859375 0.4057014328125 0.629335284375 0.4170753578125 0.6341775562499999 0.42422482656250005
0 0.5785775875 0.37788314375 0.57730080625 0.3826982671875 0.5740621 0.3842954234375 0.5677311890625 0.38336923125 0.5616718625 0.380113446875 0.5567811234375 0.3811530046875 0.555928059375 0.38315182187499996 0.5556891546875 0.38683759218749997 0.5632596421875 0.3984052703125 0.5663901578125 0.4059185828125 0.5698193046875 0.408824684375 0.57169445625 0.4152417125 0.5779171765625 0.425278371875 0.5821993890625 0.4261856546875 0.58931800625 0.422400678125 0.59358895625 0.416040375 0.5959633359375001 0.40917445468749997 0.5936532062500001 0.3983061484375 0.5888109328125 0.39115668124999997 0.583697075 0.3863368078125 0.5785775875 0.37788314375
0 0.5530510328125 0.440560053125 0.55820883125 0.45400368437500005 0.5608119625 0.4566309875 0.5640236203125 0.45731145 0.5703432703125 0.45097005625 0.5739020265625 0.4388542796875 0.575053721875 0.4322482484375 0.570721940625 0.41908341718750003 0.5580601171875 0.41723103281249996 0.54935371875 0.4027241859375 0.5429247703125 0.3977294703125 0.5379303656250001 0.39106671249999997 0.535169471875 0.38529232812499997 0.5273927546875 0.3787665953125 0.5242351921874999 0.3735309 0.5205941875 0.3720329515625 0.5189477859375 0.37510914687499997 0.51767100625 0.3799242703125 0.5180789359375 0.3866531671875 0.5187584515625 0.39105246718750003 0.522687934375 0.40112219531250004 0.5249980640625 0.411990503125 0.5248842421875 0.417467178125 0.523362925 0.42233428125000005 0.5241945718750001 0.426246871875 0.5274558015624999 0.4391848828125 0.533526390625 0.44970825468750003 0.5376891484375 0.45245842031250005 0.53994970625 0.4510691765625 0.5427263875 0.44729836093750003 0.544426884375 0.43966693125 0.548948 0.43688844375 0.5530510328125 0.440560053125
0 0.49292874062500003 0.47514937343749997 0.49944446249999996 0.4769450296875 0.502558084375 0.4735569671875 0.5025795015625001 0.4676455578125 0.5005465874999999 0.4580814484375 0.496709509375 0.44844645156249996 0.49364435156250003 0.4436454890625 0.4893024140625 0.44365964843750005 0.48624851874999997 0.4461262671875 0.48402626875 0.45250547812499997 0.4837005890625 0.4593903078125 0.48527147656249997 0.46678075625000004 0.49292874062500003 0.47514937343749997
0 0.48745863749999996 0.6153504 0.489876959375 0.6171082375 0.493974359375 0.61714605625 0.4972401140625 0.613271284375 0.49897328906249994 0.606996028125 0.4959780140625 0.5880946296875 0.4894938640625 0.5672085734375 0.487227675 0.564964025 0.4805654515625 0.567288871875 0.47730532812500004 0.574797434375 0.47670806250000003 0.584011859375 0.4791162296875 0.598948690625 0.48745863749999996 0.6153504
0 0.45269055625 0.515508415625 0.44895714531250003 0.5135757359374999 0.44443039687499997 0.51272043125 0.43859419062500005 0.515324075 0.436214178125 0.5185562046875 0.43500275625 0.526083678125 0.436698728125 0.5352650328124999 0.43511768437500004 0.541053578125 0.42881382031250004 0.53784976875 0.42511871875 0.5409070546875 0.422478384375 0.5537363625 0.425098409375 0.5672650406249999 0.43241872968750006 0.5752509046875 0.439390846875 0.5755864296875 0.44972112343750004 0.5724819140624999 0.45810073593749995 0.5734270140625 0.46050779531249997 0.56791726875 0.4592411703125 0.5595534 0.45589316562500004 0.5498144484374999 0.45362697656249995 0.5475698999999999 0.4510182140625 0.5413088046875 0.44911038281250004 0.5335356015625 0.45035448437500003 0.5273643031249999 0.4564295984375 0.5210748890625 0.45269055625 0.515508415625
0 0.44546716406250003 0.4911445 0.448934621875 0.4990405671875 0.45184201718750006 0.50069445 0.458966265625 0.5005432640625 0.462204971875 0.498946109375 0.46345470468750005 0.496408603125 0.4633510375 0.4887062859375 0.46209004218749994 0.483976209375 0.458008428125 0.474393190625 0.4513563609375 0.46353904375 0.447503496875 0.4634492484375 0.44536802187499996 0.46662939843749995 0.44306462968749993 0.4798414609375 0.44546716406250003 0.4911445
0 0.39974218281249996 0.46360501093749995 0.393465365625 0.458123584375 0.38924288125 0.456294859375 0.384504275 0.45684770781250006 0.374988753125 0.45296343749999995 0.3705870890625 0.45389904062499997 0.3653379921875 0.46046725312500003 0.3639090796875 0.4657690875 0.36428433125000004 0.471141809375 0.36761091874999996 0.486792171875 0.3721432984375 0.4912812671875 0.375784303125 0.492779215625 0.37749043125 0.48878157812499995 0.377207584375 0.4838435890625 0.381788428125 0.48014365937500003 0.3874454546875 0.48030434062499994 0.39648316562499997 0.4915601515625 0.40055351874999995 0.49387558593750003 0.4041291671875 0.49266118593749997 0.40626464218749997 0.48948103437499996 0.407628196875 0.48146685156249996 0.405568234375 0.4741803578125 0.39974218281249996 0.46360501093749995
0 0.3458866484375 0.4182556578125 0.3425555375 0.4194180796875 0.342366203125 0.4353614015625 0.3442413546875 0.44177842968750003 0.3525398234375 0.44955638125 0.35598475625 0.4429172796875 0.3554190640625 0.433041303125 0.3507559703125 0.42312750781249997 0.3458866484375 0.4182556578125
0 0.45592493437500003 0.3335258625 0.4513598765625 0.327680590625 0.4479634078125 0.3261306640625 0.44396404375 0.33016137031250004 0.44285065625 0.34175736875 0.445894396875 0.352469740625 0.45277974062500004 0.35600432656250003 0.4562303046875 0.35299901875 0.45841424374999995 0.341629840625 0.45592493437500003 0.3335258625
0 0.4114372171875 0.374333796875 0.4143987078125 0.37143244375 0.41552335625000003 0.3671040296875 0.41425673124999995 0.3587401609375 0.4116806484375 0.3538352421875 0.4060777171875 0.349119325 0.39923068281249996 0.35057470625 0.3963615984375 0.3539107921875 0.39563361874999997 0.35770051718749996 0.3982480109375 0.367595403125 0.40330214218749993 0.37333671874999996 0.4114372171875 0.374333796875
0 0.41373387343749995 0.337041365625 0.4151515234375 0.3244719484375 0.413428503125 0.3175682109375 0.4103633453125 0.3127672453125 0.40809715625000004 0.3105226984375 0.4049508546875 0.31255458593749996 0.40217980625000005 0.3199591953125 0.40322894218750005 0.3260974234375 0.40740296093749995 0.33611517343749997 0.41040276093749994 0.3382037890625 0.41373387343749995 0.337041365625
0 0.2687842265625 0.48598850000000005 0.26487163593749996 0.48682014687499997 0.2641492859375 0.4942436640625 0.2662419265625 0.50288633125 0.27132873750000003 0.509983821875 0.2770781703125 0.5105792359375 0.2788440234375 0.5056601578125 0.27622963125 0.49576527031250006 0.2687842265625 0.48598850000000005
0 0.2310714484375 0.498548334375 0.23423916562499997 0.49060503750000006 0.234869109375 0.4827467875 0.2300865625 0.4746758765625 0.22638583125 0.47409937187500006 0.2205879328125 0.48169298281249995 0.219311153125 0.48650810624999996 0.22094176718749997 0.49297711250000004 0.22431118906249997 0.49680465781249994 0.22789246875 0.4992240484375 0.2310714484375 0.498548334375
0 0.3977676921875 0.6298710640625 0.4023000703125 0.6343601609375 0.40948404531250004 0.633287534375 0.4125323109375 0.6271871203125 0.4076246796875 0.6173253046875 0.40315202812499995 0.6119147640625 0.40085879062499996 0.611947834375 0.3970115578125 0.6154918312500001 0.3962835765625 0.61928155625 0.3973270828125 0.62178599375 0.3967839125 0.626445184375 0.3977676921875 0.6298710640625
0 0.47769857812499994 0.6115181078124999 0.47522053125 0.6106817125 0.46938995468750006 0.61691915 0.47071067656250004 0.620727784375 0.47432463281250004 0.62450335 0.47916127656249996 0.6280190265625001 0.4801067453125 0.626454940625 0.4800954828125 0.6191873546875 0.47769857812499994 0.6115181078124999
0 0.5110054640625 0.32090938750000003 0.5063592625 0.3218969671875 0.5050013390625 0.33354494218749997 0.5068764906250001 0.339961971875 0.511071928125 0.3440683140625 0.5147016718749999 0.33829867812500003 0.515016090625 0.3241462640625 0.5134835109375 0.32174578125000003 0.5110054640625 0.32090938750000003