0 0.5915340171875 0.8265714078125 0.60224445625 0.8467151109375 0.62244344375 0.8482187484375 0.6453995078125 0.859213021875 0.6566905171874999 0.8571344328125001 0.6633981 0.859711234375 0.6716600546875 0.8596991703124999 0.6977686234375 0.8726388765624999 0.70108395 0.8714774609375 0.6991053125 0.8566869718750001 0.6921800484375 0.84074713125 0.6866302203125 0.8320002437499999 0.678467515625 0.8253416937500001 0.670856853125 0.8129263671875 0.6479675 0.7672213484375 0.6416330234375 0.768669590625 0.6343355921875 0.759831115625 0.6311365671875 0.7587733531249999 0.6237336796874999 0.761500765625 0.619779475 0.7652990234375 0.6089092843749999 0.7816414078125 0.597366109375 0.791717759375 0.5888591359375 0.8059587234375 0.5884869687500001 0.8130600875 0.5915340171875 0.8265714078125
0 0.7749625484375 0.6942121453125 0.7736739484374999 0.6901391234375 0.7691630625 0.6854521734375 0.7674216671874999 0.6804653125 0.7633976812500001 0.685595078125 0.7573345546875 0.7057498234375 0.7570786890625001 0.7106320125 0.758164153125 0.7138042796875 0.774635334375 0.7195630953125 0.7797215234375 0.7180494328125 0.7820676890625 0.711496575 0.7827530859375 0.7079720609375 0.7809884312500001 0.703429034375 0.7749625484375 0.6942121453125
0 0.6224746828125001 0.6087811328125 0.6228514875 0.6159217499999999 0.6277453875 0.6228540437500001 0.63171664375 0.623507221875 0.639242040625 0.6136653609375 0.6399507 0.6096970109375001 0.639207934375 0.6047624859375 0.6358585015625 0.5970210265625 0.6327292578125 0.5946317578125 0.6275035046874999 0.5988084312499999 0.6224746828125001 0.6087811328125
0 0.575551509375 0.596530796875 0.5737170734375 0.5933192765624999 0.569676034375 0.5939976046875 0.5659714874999999 0.5978089468750001 0.564217678125 0.60261263125 0.5658427703125 0.60981866875 0.5661730546875 0.6178469578125 0.5681175859375001 0.6237345734375 0.5751545124999999 0.6232132531250001 0.5765191015625 0.621059496875 0.5767284453125 0.6170649796875 0.5754925734375 0.6072090125 0.575551509375 0.596530796875
0 0.5733928609375 0.72370321875 0.5779564749999999 0.7226072234375 0.5826193375 0.714840615625 0.58251545 0.7072692468749999 0.5780743453125 0.7012507921875 0.567791871875 0.70160201875 0.5644935984375 0.707214871875 0.5651433203125 0.7139247359375 0.566954496875 0.7175800921875 0.5733928609375 0.72370321875
0 0.5552826046875 0.739666165625 0.5462933703124999 0.7583324 0.54760523125 0.7619615859375 0.5540265421874999 0.763633275 0.5590258968749999 0.7589996828125 0.5617845421875 0.7493530609375 0.562226490625 0.7409201890625 0.5552826046875 0.739666165625
0 0.7055983125 0.4796211453125 0.7062480359375 0.4863310109375 0.7094811671875 0.49629164843750007 0.714154875 0.49787175 0.71905034375 0.48566678750000003 0.72208190625 0.475589415625 0.7199575 0.46835720937499997 0.7129733 0.463095584375 0.708160028125 0.4641784953125 0.7067023984375 0.46810759375 0.7055983125 0.4796211453125
0 0.6650082484375 0.2700985703125 0.663469990625 0.2660124640625 0.660340746875 0.263623196875 0.653779875 0.26461451875 0.650324984375 0.26843894375 0.6480253390625 0.2741041328125 0.6460389265625001 0.2833461703125 0.64589315625 0.29090445625 0.6498985203125 0.300460509375 0.652754846875 0.30328052968749997 0.6572486796875 0.3035160421875 0.6599778578125 0.299208528125 0.6640142578125 0.28428821718749997 0.6650888765625 0.278113775 0.6650082484375 0.2700985703125
0 0.6764444671875001 0.21907160937499998 0.6743246984375 0.2260813859375 0.6724018593750001 0.23888719218749999 0.671414075 0.2481815671875 0.6722033609375 0.252228421875 0.6745138515625 0.25590994375 0.6782587125 0.256106203125 0.6827820124999999 0.2510026078125 0.68437920625 0.244410496875 0.6851871140625 0.23377153125 0.6837481046875 0.2230148125 0.680259109375 0.2179363640625 0.6764444671875001 0.21907160937499998
0 0.6883722234375 0.1921033453125 0.6843187703125 0.20257221718750001 0.6838706140624999 0.2159003625 0.6871502671874999 0.2249733296875 0.69317615 0.23419021875 0.6969907921875 0.23305497343749998 0.6999122609375 0.2203015046875 0.7005108250000001 0.213657059375 0.6993044203125 0.198461984375 0.696048028125 0.1889451828125 0.6921465515625 0.186960496875 0.6883722234375 0.1921033453125
0 0.73912545625 0.298460878125 0.7412917453125 0.29056343125 0.7380818734375 0.2801589578125 0.7362474375 0.2769474390625 0.7296633046875 0.278382596875 0.7277404656249999 0.29118840156250003 0.729412078125 0.29750676875000004 0.73419588125 0.3017629671875 0.73912545625 0.298460878125
0 0.7728028046875 0.338945565625 0.7771446609375 0.351634634375 0.78216106875 0.3514524796875 0.7837985749999999 0.3488679703125 0.8001317609375 0.33815254375000003 0.800886940625 0.33329652187500003 0.7995347671874999 0.3256597328125 0.7908448484374999 0.30517686718750003 0.7839366375 0.29368846406250004 0.778676778125 0.2889622625 0.7746481546874999 0.27985004375 0.7710893765625 0.2761031 0.76158534375 0.27115447187499997 0.75856619375 0.2714412984375 0.7572016046875001 0.27359505624999997 0.756672821875 0.278907996875 0.7605153640625 0.2915708984375 0.76218076875 0.3027845375 0.7617388218750001 0.31121740937500003 0.7631607765624999 0.3175226921875 0.7728028046875 0.338945565625
0 0.5360533875 0.09867021249999999 0.5370985390625 0.097834878125 0.536419346875 0.0964641203125 0.52652609375 0.09416541875 0.5126786359375 0.095664978125 0.48156293593750005 0.11139139375 0.47937959374999994 0.11483740312499999 0.47875776875 0.1219256859375 0.48212425625 0.134118584375 0.4860257328125 0.13610326875 0.5142835375 0.1366940875 0.5203280421875001 0.1312251609375 0.523446440625 0.1242677203125 0.5312447546875 0.11399510625 0.5357742625 0.1039962375 0.5360533875 0.09867021249999999
0 0.31893509375 0.20033533750000002 0.32024695468750003 0.203964525 0.3198344734375 0.2070582875 0.3226845921875 0.21477357968750002 0.325314521875 0.21713668125000002 0.33332681875 0.2171115328125 0.3397372828125 0.2094365125 0.34400471875 0.20921510468750001 0.3503562484375 0.21221830000000003 0.35665661875 0.201867184375 0.36231190468749996 0.199048184375 0.3682339 0.20069370625 0.37615936250000004 0.1975486265625 0.3801833484375 0.1924188625 0.38099125625 0.1817798984375 0.3824488875 0.1778508 0.386292996875 0.171376446875 0.39333613125 0.16595985468750002 0.3929763796875 0.16327067343749999 0.39420761249999997 0.15888465624999998 0.39031234375 0.1520046984375 0.377289846875 0.14731672812500002 0.369400059375 0.140227428125 0.3606853109375 0.1393256515625 0.335887034375 0.1491523890625 0.3103273703125 0.16873041875 0.3112096984375 0.17100193125000002 0.309606296875 0.18248931562499998 0.3115570359375 0.1834816578125 0.313048771875 0.188455434375 0.31667733125 0.19087087187500001 0.31744335625 0.195361559375 0.3195739703125 0.19769849374999998 0.31893509375 0.20033533750000002
0 0.4724354359375 0.40019838593749996 0.4688704515625 0.401346715625 0.46347567031250003 0.41352551093749995 0.462441365625 0.42370755468750004 0.46341052656250004 0.4290989984375 0.4669165765625 0.438628884375 0.4732618984375 0.446527353125 0.47795886718749997 0.44766362031250007 0.48177350937499996 0.44652837500000003 0.48289464843749996 0.43946625937499995 0.48649530781249994 0.4280835484375 0.4862875328125 0.4129408109375 0.48175959375 0.403802425 0.4724354359375 0.40019838593749996
0 0.43117061874999996 0.4185082890625 0.4315660453125 0.41096308906249995 0.42701484531249995 0.4022685359375 0.4235196421875 0.4020853609375 0.41856060156249997 0.41072655625000004 0.41837451718749996 0.41427723906249997 0.42419726406249997 0.42259337500000005 0.4294633296875 0.422424303125 0.43117061874999996 0.4185082890625
0 0.3252523140625 0.4093969109375 0.3303679703125 0.40254414218749995 0.3279179171875 0.40152563125 0.325091059375 0.393366503125 0.3258819140625 0.37827610156249997 0.3242335609375 0.3715138984375 0.3212438796875 0.36646161718750003 0.3175222796875 0.3658215234375 0.31402086875 0.37053361875 0.31529705468749997 0.38439718749999996 0.3120794078125 0.39802524375 0.3216516546875 0.42077962187500006 0.3252166390625 0.4196312921875 0.3243110515625 0.4178036140625 0.3252523140625 0.4093969109375
0 0.1356272328125 0.6313324109375 0.14045912656249998 0.6155636828125 0.1405816359375 0.6084492328125 0.13847428125 0.6056684640625 0.128691121875 0.606045859375 0.11591828281250001 0.601370975 0.1075632859375 0.60315838125 0.10463097187499999 0.6065651390625 0.1042650125 0.60877123125 0.10615681562499998 0.6204417906249999 0.1046061421875 0.62614623125 0.10531944062500001 0.6364198625 0.1139690453125 0.6528951281250001 0.1210633390625 0.660832846875 0.126352665625 0.6602199421875 0.1325134734375 0.6525318375 0.13408740624999999 0.6463835609374999 0.1356272328125 0.6313324109375
0 0.1608288484375 0.4466204421875 0.15771201875000002 0.43444062812500006 0.1541237734375 0.43603279375000004 0.14689455468749998 0.4450000703125 0.1419990875 0.45720503125 0.1406686046875 0.46826166249999995 0.1417308078125 0.47187776562500006 0.146044765625 0.47076868593750004 0.150771203125 0.4665658453125 0.16020702343749998 0.453708725 0.16324943281249998 0.4529780625 0.1634355171875 0.44942737812500005 0.1608288484375 0.4466204421875
0 0.2259274875 0.355680590625 0.224522584375 0.35382674375 0.2187572046875 0.3539696484375 0.2074280125 0.3742934671875 0.2005182328125 0.38194231875 0.198648121875 0.38896518125 0.19971032500000002 0.39258128281250004 0.20680461874999997 0.40051900468749996 0.20977724687500002 0.401119846875 0.2116411515625 0.3989922578125 0.2142834953125 0.3915648140625 0.2209668765625 0.38345904062499997 0.2255661671875 0.37212866718750004 0.226850128125 0.3619597046875 0.2259274875 0.355680590625
0 0.159101165625 0.699320784375 0.149190859375 0.6925706468749999 0.1429261640625 0.6926873812500001 0.13997058906249998 0.6965379765625 0.1400574234375 0.6996579078125 0.14308741875 0.708717790625 0.1497227109375 0.7206369453125 0.15317139375 0.7217077921875 0.15662628437499998 0.717883365625 0.1636632109375 0.717362046875 0.1652604046875 0.7107699359375 0.1663179703125 0.7001440546875 0.1646866703125 0.697833290625 0.159101165625 0.699320784375
0 0.13408740624999999 0.6463835609374999 0.1349185734375 0.6353007609375 0.14045912656249998 0.6155636828125 0.1405816359375 0.6084492328125 0.13847428125 0.6056684640625 0.1269435203125 0.6059542718750001 0.1154189671875 0.60134480625 0.10676779375 0.6040067984374999 0.1049038890625 0.6061343875 0.1042417515625 0.6092150671875001 0.10541405 0.615507265625 0.1045131015625 0.6279215703125 0.105116303125 0.6355191078125 0.1114321578125 0.6487566859375 0.1177076984375 0.6579866609375 0.1208369421875 0.660375928125 0.1261030078125 0.6602068578125 0.1325134734375 0.6525318375 0.13408740624999999 0.6463835609374999
0 0.8044904671875001 0.570254303125 0.8074568890625 0.5757504203125 0.8140580749999999 0.5787666984375 0.81443645 0.5667700609375 0.8136301109374999 0.55827176875 0.8119817578124999 0.5515095671875 0.80860285625 0.5491072140625 0.8052348015625 0.556051571875 0.8042299640625 0.560894509375 0.8044904671875001 0.570254303125
0 0.8068678046875 0.395917578125 0.8022979828125001 0.4019088453125 0.8011132703125 0.4054071921875 0.8014435546875 0.41343548124999996 0.8043401937500001 0.4202631015625 0.8057916171875 0.42122927656250003 0.8087875062500001 0.42138628437500003 0.8124455328125 0.4184626140625 0.81713165625 0.41025217031250005 0.817620125 0.40093162656250003 0.8156988546875 0.3946001765625 0.813568240625 0.39226324375 0.8068678046875 0.395917578125