0 0.3931818109375 0.5121208296875001 0.39113512031250003 0.49982295312499997 0.38673891875 0.49626297812500003 0.3788292015625 0.4975412171875 0.3724250328125 0.5035770328125 0.3708050671875 0.5144727203125 0.37337913125 0.5293965218750001 0.3771524671875 0.536597103125 0.3808027765625 0.5402354734375 0.38736008437499997 0.54044005625 0.3895676453125 0.537526678125 0.391496465625 0.5319612390625 0.392977059375 0.5197395218749999 0.3931818109375 0.5121208296875001
0 0.4223154 0.38750398750000004 0.41877692812499995 0.3753629046875 0.409336703125 0.3549042671875 0.39321356875 0.337829390625 0.390432175 0.3376748328125 0.38716728906250003 0.34248691249999996 0.3831074765625 0.35408592968749997 0.3825448359375 0.36308291718749997 0.38474466406249996 0.38162119375 0.3864825 0.38858882031249997 0.38937057343750003 0.39454176875 0.39519575625000003 0.3997391203125 0.399406128125 0.40153105624999996 0.41640591562499996 0.40063809062500005 0.421427559375 0.39340690624999997 0.4223154 0.38750398750000004
0 0.5356935296875001 0.4975891359375 0.5231751250000001 0.5243777515625 0.522443 0.52937051875 0.5237463765625 0.5345962390625 0.5266671406250001 0.536076825 0.5427076734375 0.5236654749999999 0.54917464375 0.5158354875 0.5500624843749999 0.50993256875 0.544146965625 0.49670064375 0.5390513296874999 0.493661078125 0.5356935296875001 0.4975891359375
0 0.3659795078125 0.3657177875 0.3631654265625 0.3700355921875 0.3631301578125 0.3816585078125 0.3670592109375 0.3879489359375 0.37091169375 0.39111916406249997 0.37395806249999997 0.38901140624999997 0.375140990625 0.383524365625 0.3724413234375 0.37218890625 0.3688073578125 0.3663143546875 0.3659795078125 0.3657177875
0 0.4311008921875 0.327590775 0.43266666562499995 0.3377047359375 0.43541536875000003 0.3423316515625 0.4391749375 0.3446178609375 0.4439453734375 0.3445633625 0.44705454375000003 0.34066143437499996 0.44318829375 0.332576834375 0.43484669374999996 0.32496261249999997 0.4311008921875 0.327590775
0 0.292419278125 0.3211628484375 0.291299153125 0.3248557203125 0.2933183078125 0.3273248546875 0.2961435796875 0.33507197187500004 0.299575371875 0.3414146640625 0.3018130453125 0.341179475 0.30616536875 0.3371468875 0.3064466890625 0.33264839375 0.30484822500000003 0.327006796875 0.29731531875 0.31752000625 0.292419278125 0.3211628484375
0 0.3748931828125 0.2950656828125 0.3794588671875 0.3026298765625 0.387163834375 0.3089703328125 0.390737575 0.309488503125 0.3927894203125 0.3074852734375 0.38971551875 0.2997642875 0.3819640953125 0.292981821875 0.377193659375 0.293036321875 0.3748931828125 0.2950656828125
0 0.1685015328125 0.3954114109375 0.1588462453125 0.41117367812500005 0.15831629375 0.415698303125 0.1657562859375 0.4243010734375 0.170851921875 0.42734064062500005 0.1733382265625 0.42707931875 0.1767424828125 0.42359326875000003 0.17808370625 0.410045525 0.17729393437500002 0.4025313578125 0.1727445953125 0.392730984375 0.1685015328125 0.3954114109375
0 0.1615485453125 0.5445105328125 0.1597126390625 0.550959990625 0.160704584375 0.5580060140625 0.16236584999999998 0.561853440625 0.16612541875 0.56413965 0.17100511406250002 0.5627329875 0.1741770859375 0.5570368890624999 0.1731085734375 0.5468706640625001 0.16717413125 0.543025475 0.1615485453125 0.5445105328125
0 0.22919583437500002 0.5686829953125 0.2266604953125 0.575652859375 0.22675083125 0.58368743125 0.23169075 0.58763715 0.23828074687499998 0.5833693734375001 0.24086254375 0.57684151875 0.2399334015625 0.5680013234375 0.2360972640625 0.562594915625 0.23250717812500002 0.5643129265625 0.22919583437500002 0.5686829953125
0 0.2233663734375 0.6184538796875 0.22299213906249998 0.622068353125 0.224218946875 0.624173875 0.2320796296875 0.6296041781249999 0.23427084687500002 0.6289269796875 0.23553034374999998 0.6265601375000001 0.2348033765625 0.6172518015625 0.2305792359375 0.610545496875 0.227144865625 0.6113533546875 0.2233663734375 0.6184538796875
0 0.28149078125 0.46352953281250003 0.27695263125 0.46579408281249995 0.27545827031250003 0.47310142656250004 0.27598564375 0.4757273515625 0.27876445781250003 0.4830324609375 0.2818873953125 0.48404490468750005 0.2879637859375 0.4820655734375 0.2912914734375 0.4754593234375 0.2898788375 0.47158576406249997 0.2846601765625 0.46498398593749996 0.28149078125 0.46352953281250003