0 0.68944834375 0.4973904703125 0.6844008374999999 0.48624145781249994 0.6825301234375 0.47893951875 0.6819821265625 0.470861015625 0.6781301890625 0.471862440625 0.6745826687500001 0.47512121093750004 0.670437478125 0.4823429703125 0.656961503125 0.5101632140625 0.654958175 0.5215876421875 0.6558160609375 0.52612411875 0.6592806390625 0.5295502265625001 0.6728233734375 0.5325196296875 0.6784186515624999 0.5316707265625 0.68501559375 0.5251096109375 0.6870909234375 0.5185990453125 0.68944834375 0.4973904703125
0 0.752253040625 0.5167155765625 0.7539077453125 0.5092759265625 0.7538633140625 0.49544163281250003 0.755139871875 0.48276375937499993 0.7610467640625 0.47643985000000005 0.765894896875 0.47552557812499996 0.7684407531249999 0.4779790234375 0.774711175 0.4722816234375 0.7764766171875 0.46931308437499997 0.7779597453125 0.4609661421875 0.7808984296875 0.453192684375 0.7773174171874999 0.4310184203125 0.7713179203125 0.41354013125 0.7672611390624999 0.4082776453125 0.7574653 0.41411275312500007 0.7562754265625 0.4162393625 0.756192484375 0.4229242390625 0.75819056875 0.43737559687500005 0.7560598703125 0.4416506078125 0.7497119765625 0.4482335125 0.739478878125 0.450461228125 0.73638525 0.46000569843749994 0.734221509375 0.4790005078125 0.7357103328125 0.484930609375 0.7405142609375 0.49025846250000005 0.742539915625 0.495789390625 0.7398669140624999 0.50626294375 0.7403761765625 0.5147842 0.74713375625 0.5207291171875 0.752253040625 0.5167155765625
0 0.80039668125 0.49995891718749996 0.7941759328125 0.493614825 0.7891008546875 0.49138624374999995 0.7832952625 0.4917706046875 0.776759159375 0.49476790781249996 0.7733777468749999 0.5047333421875 0.7734663828125 0.5123255125 0.774357534375 0.5222186046874999 0.7777059046875 0.526972971875 0.7822828875 0.5291579734375 0.7910383265625 0.5294778328125 0.7962738171875 0.5241360312500001 0.8025939140625 0.5063971406250001 0.80039668125 0.49995891718749996
0 0.81306033125 0.581818571875 0.8071772671874999 0.5830884390625 0.8060261296875 0.584772296875 0.8052680453125 0.59630566875 0.80717749375 0.60316485625 0.8160215687499999 0.6110768859375 0.8231111390624999 0.6103587171875 0.82481005 0.5966769453125 0.8225961828124999 0.5875604140624999 0.8199174859375 0.5837569234375 0.81306033125 0.581818571875
0 0.417236109375 0.2928874140625 0.4165719046875 0.286137171875 0.40213255 0.27907404375 0.4000018515625 0.28334905312499997 0.3986515640625 0.293046046875 0.38714565156249997 0.3040852484375 0.386177253125 0.315154078125 0.3870905078125 0.32192610781250003 0.3911251859375 0.33030965624999997 0.3941691390625 0.332806678125 0.39767792343749997 0.32999066250000003 0.406200721875 0.312890625 0.4150833078125 0.300283484375 0.417236109375 0.2928874140625
0 0.41623602656249997 0.43913454375 0.40973296406250004 0.42741204687499995 0.40327979999999997 0.42372447187500006 0.395692359375 0.44447548125 0.3939105078125 0.4648421265625 0.3952664890625 0.46942218281250003 0.3992845359375 0.475127421875 0.40273248125 0.47587521875 0.405992215625 0.4730374140625 0.4157823609375 0.452925259375 0.4176861140625 0.4455074 0.41623602656249997 0.43913454375
0 0.38821610624999997 0.5098504312500001 0.38909609375 0.511265846875 0.3998272890625 0.509081709375 0.411394040625 0.49447869375 0.4127830640625 0.48433894843749997 0.4098220515625 0.47515704999999997 0.4056048578125 0.47746494687499996 0.3898929140625 0.499289721875 0.38821610624999997 0.5098504312500001
0 0.49948138125 0.6436123984375001 0.49535829218750005 0.6477130984375 0.49364821875000003 0.652917190625 0.49354864374999996 0.6569237593749999 0.49629934374999995 0.6656411140625 0.5011807421875 0.6700834609374999 0.5071191749999999 0.6710491484375 0.5097092359375 0.6672604703125 0.5098862828125 0.6623683953125 0.5079989359375 0.652388146875 0.49948138125 0.6436123984375001
0 0.2589762515625 0.4811438640625 0.26364164375 0.4708446234375 0.26747694843750003 0.4671648890625 0.2716996109375 0.4590576234375 0.2742176703125 0.45035508125 0.27888306093750004 0.4400558390625 0.2878984875 0.4287987484375 0.292967871875 0.41675028125 0.29404700625 0.41015256093749997 0.3074842453125 0.3827750703125 0.30955410625 0.382063875 0.3124706875 0.3774114796875 0.311120175 0.3670320546875 0.30484975312499996 0.3727294546875 0.30364324531250003 0.3721777578125 0.3030068390625 0.3765835 0.3008761390625 0.380858509375 0.295801059375 0.37862992968750003 0.292408484375 0.3801176859375 0.2891542171875 0.377156121875 0.285186071875 0.37948580625 0.283885459375 0.37714130625000003 0.2818930703125 0.3769669953125 0.2673764703125 0.39086579062500004 0.265716296875 0.404104809375 0.26240688749999996 0.41898410625000004 0.25728213437499997 0.4287970171875 0.2496281578125 0.43883479375 0.24808966093749998 0.44494618125 0.24854355312499998 0.45123188281250004 0.2515820375 0.4595282734375 0.2524178203125 0.4671858125 0.25162646875 0.4733625671875 0.25281087343749997 0.47703532812500005 0.252174465625 0.48144107031249994 0.25546746875 0.48395988125 0.2589762515625 0.4811438640625
0 0.23369998125000002 0.4258415609375 0.22642767031250002 0.4171747578125 0.22273067656249998 0.416405171875 0.2195871484375 0.4179147171875 0.211163925 0.4310081859375 0.210256365625 0.43851320312500003 0.2120329734375 0.444022340625 0.21627796406250002 0.45287043125000004 0.2255759328125 0.46706816250000005 0.22960491562500002 0.46117466250000005 0.2348513453125 0.444234121875 0.23610205781250002 0.43854369687499994 0.236262471875 0.4309733140625 0.23369998125000002 0.4258415609375
0 0.23788639374999998 0.63901763125 0.255341903125 0.6374217953125 0.2419871546875 0.617961578125 0.2105455046875 0.5585507375 0.201839740625 0.5461893859375 0.1907487578125 0.543880625 0.18252468125000001 0.5489609578125 0.1771451859375 0.5444750328125 0.1728837859375 0.553025053125 0.1705872046875 0.5706698140625 0.1765258625 0.59171191875 0.1825087265625 0.6065119 0.194175503125 0.62805515 0.2007394046875 0.6362138328125 0.21031399374999998 0.641512921875 0.220696565625 0.6433135640625001 0.23788639374999998 0.63901763125
0 0.3777920875 0.26757554375 0.37570559375 0.26560843125 0.3555050796875 0.27276395781249996 0.34525534687500004 0.27231336562499997 0.3434124328125 0.27616741093749997 0.3470540578125 0.2747014421875 0.352472290625 0.27874461250000004 0.3527712390625 0.2868013265625 0.3561583453125 0.2911129390625 0.371516196875 0.2790723125 0.37698410312499997 0.2710739921875 0.3777920875 0.26757554375
0 0.3578914265625 0.3630934515625 0.359939184375 0.3655033171875 0.3605534890625 0.36421863593750003 0.36027641718750003 0.33296444531249997 0.356103428125 0.32903021718750003 0.3404520984375 0.32721476250000003 0.3358530140625 0.3281508203125 0.3313259328125 0.33400074218750003 0.3305179484375 0.337499190625 0.3314533046875 0.34115015937500004 0.330396271875 0.34462681875 0.3317135171875 0.3496496265625 0.3331638296875 0.3760989 0.33446444375 0.3784433984375 0.338604165625 0.37702101093749996 0.341006015625 0.369646728125 0.3470273890625 0.36392753906249997 0.3578914265625 0.3630934515625