0 0.7531282 0.497527353125 0.756313940625 0.4967456265625 0.7594695671875 0.49328570781250003 0.7625185125 0.4840274 0.764184934375 0.47357372187499996 0.76364379375 0.466033425 0.7620917875 0.4608338359375 0.7542336828125 0.4482529796875 0.75131291875 0.44677239375 0.746797146875 0.47316678906250004 0.744988775 0.4894449890625 0.7457019765624999 0.49383895468750005 0.7480162203125 0.49672396562500004 0.7531282 0.497527353125
0 0.7023645828125 0.5359328750000001 0.7114168046875 0.5550916124999999 0.716293921875 0.5608355031250001 0.7196654890625 0.5618218140625 0.725307421875 0.558100575 0.7314491921874999 0.5471765203125 0.7305088609375 0.526271403125 0.7274186140625 0.5207865968750001 0.7217956046875 0.515121103125 0.7089786578124999 0.5079772609375001 0.7052492 0.5083692421875 0.702590834375 0.5117768953125 0.6997879421875 0.5281596234375 0.7023645828125 0.5359328750000001
0 0.6240777953125 0.49902499687499996 0.6262827796875 0.50326216875 0.629012559375 0.517275821875 0.6338621421874999 0.51319096875 0.6381241281250001 0.501123809375 0.6412711437499999 0.47844841562499996 0.6425306421875 0.476081575 0.6432791109375 0.4688526265625 0.6426588234375 0.46534267968750004 0.641090471875 0.462379271875 0.6371751859375 0.461003215625 0.6305851890625 0.4652709921875 0.627615390625 0.47049894999999997 0.6235831125 0.49192670937500005 0.6244984875 0.49585253281249997 0.6240777953125 0.49902499687499996
0 0.54649044375 0.461596715625 0.54567659375 0.4777703875 0.548827065625 0.4886115734375 0.5486223140625001 0.49623026562500006 0.552769884375 0.499816371875 0.5543382359375 0.5027797796875 0.5548492640625 0.5076418859375 0.5613626921875 0.5002539109375 0.5654551953125 0.48418252968750003 0.5681187171875 0.46647377343749996 0.568077415625 0.451730659375 0.566399803125 0.4501194125 0.5699322437500001 0.43589446875000004 0.5701369953125 0.428275775 0.5720030125 0.4245045078125 0.571522096875 0.42232059062499994 0.56375175 0.4249248578125 0.56412340625 0.42846093593749995 0.5624896734375 0.43444225156250005 0.554530921875 0.44242903125 0.5545446875 0.4473434015625 0.5529737578125 0.45153054687500005 0.54649044375 0.461596715625
0 0.7392469640625 0.29609710312500004 0.7404135468749999 0.2928462421875 0.739126515625 0.28538434218750003 0.7369378765625 0.2789109875 0.7333176781249999 0.277950809375 0.7273316234375 0.2879647125 0.727345390625 0.292879084375 0.7288672859374999 0.29540048125 0.7354547046875 0.29828325625 0.7392469640625 0.29609710312500004
0 0.7279785671875 0.26063626875 0.7322680874999999 0.2583978515625 0.7326586671875 0.252547196875 0.73106278125 0.239755046875 0.728904253125 0.23595988281250002 0.7254234265624999 0.2363257328125 0.72222134375 0.2393436421875 0.718582221875 0.2477701953125 0.7201806859375 0.25341179375 0.7242654546875 0.2587920703125 0.7279785671875 0.26063626875
0 0.53876474375 0.2541567828125 0.54306803125 0.2568327359375 0.5527835421875 0.24642685000000003 0.55446373125 0.24088754531249998 0.5558841 0.2233094484375 0.5549850703125 0.2171474421875 0.5503428171875 0.20646304999999998 0.5475313125 0.20363030312500002 0.5310098640625001 0.21385773593750002 0.5281002890625001 0.22444207343749997 0.528657775 0.229746190625 0.5344476890625 0.24656645625 0.53876474375 0.2541567828125
0 0.4863914171875 0.145703834375 0.4921211078125 0.15716771875 0.5018916875 0.16641931875 0.5040829046875 0.1657421203125 0.505435315625 0.1642593 0.5099648546875 0.142779275 0.5091286265625 0.1348231 0.5052950671875001 0.1222661375 0.5025463640625001 0.1176392203125 0.49488527656250003 0.11889132499999999 0.49168319218749995 0.12190923281249999 0.4875468109375 0.13038805 0.48553884375 0.139983840625 0.4863914171875 0.145703834375
0 0.45142743437500005 0.1502724828125 0.45481276875 0.156173165625 0.4625177359375 0.16251362187500001 0.466107821875 0.1607956109375 0.470492834375 0.15229066093750002 0.47211279843750004 0.14139497343750002 0.47065370624999997 0.13707940624999998 0.47091868124999997 0.13481709375 0.46719180156249995 0.1280585234375 0.45894311718749997 0.1213283203125 0.4518584375 0.1184978109375 0.4476781765625 0.119384065625 0.4464651359375 0.1221929171875 0.44664838749999997 0.131111509375 0.45142743437500005 0.1502724828125
0 0.3650616109375 0.4980944640625 0.367242515625 0.5260194734375 0.3696032171875 0.5293464953125 0.3760512640625 0.530903240625 0.3809197703125 0.5174316546875 0.380952459375 0.5129592921875 0.3851981015625 0.5031283140625 0.38928457031249997 0.4606909078125 0.388325315625 0.4491725234375 0.3792378265625 0.441636696875 0.3731313234375 0.4409378390625 0.370022153125 0.4448397671875 0.36691040625000004 0.45589224531249994 0.364667575 0.47042853906250004 0.365982140625 0.48771918281250004 0.3650616109375 0.4980944640625
0 0.3473985359375 0.5285520515625 0.3490598015625 0.532399478125 0.355305675 0.5344243671875 0.3588957609375 0.5327063562500001 0.3603574328125 0.529871371875 0.360827159375 0.519990365625 0.3592450390625 0.5121125859375 0.36025848437499997 0.502621325 0.359266540625 0.49557530312500003 0.35515165937500004 0.48751683437500004 0.34991665312500003 0.4831512390625 0.3432500875 0.48429881406249997 0.340373203125 0.49041079062500004 0.3387996953125 0.5017484875 0.34589556250000003 0.5166439203125 0.3473985359375 0.5285520515625
0 0.236292471875 0.36594166875 0.23296478281250002 0.3725479171875 0.23549754531249997 0.3727286078125 0.23675446406249998 0.37751231875 0.2359457703125 0.379384884375 0.2378556671875 0.38320617968750004 0.23838046249999997 0.3929826578125 0.23713473281250003 0.4002638703125 0.240875378125 0.4119368125 0.2457361515625 0.41991688437499997 0.2475858234375 0.418381796875 0.25342735 0.42134296875 0.259998425 0.426461925 0.26169237968750003 0.42583698906249995 0.2635558203125 0.42921627500000004 0.2742770421875 0.4307707859375 0.278675821875 0.42718020624999997 0.277246840625 0.42554282812500005 0.2770309 0.4210965984375 0.2799215515625 0.41989899375000006 0.28408546874999996 0.42124891875000003 0.2862439953125 0.42504408125 0.291495346875 0.42717349843749997 0.294853146875 0.4232454375 0.2976698078125 0.41177708125 0.293704609375 0.376442434375 0.2893109859375 0.3657319078125 0.27811142499999997 0.35484292968750003 0.2720565359375 0.3402849765625 0.257824375 0.33641812656250003 0.25076980781249997 0.33626580625 0.2407127515625 0.34581380625 0.236292471875 0.36594166875
0 0.161701628125 0.4215989875 0.160576346875 0.4395929609375 0.1652487125 0.4529555453125 0.1712296109375 0.4572427453125 0.18375147187500002 0.46397071093750003 0.1976885453125 0.467421684375 0.214207415625 0.4643448046875 0.2179067609375 0.46127463124999996 0.21742584375 0.45909071562500003 0.2057316015625 0.44110345000000006 0.201786203125 0.43704919999999997 0.19796383125 0.43655716250000004 0.1928217390625 0.43307558593750006 0.171835253125 0.4151711890625 0.164687771875 0.41413485000000005 0.161701628125 0.4215989875
0 0.4774340828125 0.725371165625 0.47990662031250003 0.7201954734375 0.48115235156249997 0.7129142609375 0.48005114843749996 0.7072203984375001 0.4744281390625 0.7015549046875 0.47051285312499996 0.700178846875 0.46861672343749994 0.7012719234375 0.46610891875 0.7180705281249999 0.467723728125 0.7214759468749999 0.4713275796875 0.72467230625 0.4774340828125 0.725371165625
0 0.3346177328125 0.5504524265625 0.33544019375 0.55349423125 0.33313713906250003 0.5626741421875 0.3270908609375 0.567331665625 0.3226757375 0.5731584234375 0.32817571874999996 0.5752617078125 0.3307248265625 0.573206215625 0.335525375 0.57582990625 0.3367960609375 0.5855279875 0.3396049875 0.5955112875 0.3413755125 0.5980065531250001 0.35161581875 0.5973771453125 0.3542741859375 0.5939694921875 0.3567166109375 0.586115609375 0.3578720046875 0.5707998265625001 0.358882871875 0.568459115625 0.3577679015625 0.5578508828125 0.3529836984375 0.5529910109375 0.34796978749999996 0.5387705406250001 0.3461992625 0.536275275 0.3413359125 0.53544575625 0.33611209375 0.5431450828125 0.33623512031249997 0.5467072921875 0.3346177328125 0.5504524265625
0 0.32079595156249996 0.5720153203125 0.318741528125 0.5811691 0.3218266203125 0.600955009375 0.32476115 0.607349965625 0.330914109375 0.608490834375 0.33500145625 0.606720559375 0.3384384046875 0.598762146875 0.3394819609375 0.5919490781250001 0.3388616734375 0.58843913125 0.3363917140625 0.5864642718749999 0.3351347953125 0.5816805609375 0.3320445484375 0.57619575625 0.33173569375 0.5708655078125 0.3289241890625 0.5680327609375 0.3239980359375 0.5689974125 0.32079595156249996 0.5720153203125
0 0.2898599703125 0.61012444375 0.29345005625 0.6084064312499999 0.3012694375 0.5990936234375 0.3059658828125 0.5887683703125 0.30786458906249997 0.5805247421875 0.3074929328125 0.5769886640624999 0.3031896453125 0.574312709375 0.2963372515625 0.5736922484375 0.289624228125 0.574397815625 0.2854740796875 0.5779622609375 0.28167924218749996 0.587298965625 0.286690575 0.6086699906249999 0.2898599703125 0.61012444375