0 0.42444720625 0.43354237656250005 0.40204637343750005 0.45308227343749996 0.4014220671875 0.45630531875 0.403131740625 0.45975925 0.41873281875 0.46411131406250006 0.4260553359375 0.464216809375 0.43503698125 0.46163008124999994 0.4424045796875 0.4540278875 0.4471627015625 0.439074284375 0.44566113124999995 0.4345460046875 0.438304915625 0.430343071875 0.43374942968749997 0.430368484375 0.42444720625 0.43354237656250005
0 0.5299200703125 0.491296375 0.533541828125 0.5030324515625 0.536983715625 0.5060864703125 0.5426864953125 0.5070790640625 0.56045853125 0.5050286734375 0.57618346875 0.4980627984375 0.5796141968749999 0.4931655359375 0.5791868359375 0.4873629515625 0.5561676125 0.484466925 0.5374169953125 0.4862300859375 0.5316916734375 0.48909133593750004 0.5299200703125 0.491296375
0 0.680791128125 0.47699112968749996 0.6649931046875001 0.48166469375 0.661579225 0.488610675 0.6651335875 0.49215187812499994 0.693698034375 0.5032610015625 0.6992657984374999 0.5076202546874999 0.7078649359375 0.5112796609375 0.714850028125 0.5099236015625 0.723308684375 0.503095821875 0.7260420203125 0.49912929375 0.7266888687499999 0.49205240312500004 0.722673446875 0.4786111796875 0.7160540125 0.47167238749999996 0.680791128125 0.47699112968749996
0 0.612239146875 0.5100081953125 0.6009066734374999 0.51031531875 0.593657240625 0.512502134375 0.5867452375 0.516150503125 0.5820715843750001 0.52159129375 0.5801649671875 0.5271629921875001 0.58072734375 0.5295989171875 0.5871443671875001 0.5317094953125 0.606834178125 0.5320386890625 0.618959671875 0.5292392968749999 0.6312427234375 0.5192194031249999 0.630775971875 0.5152219453125 0.6250563437500001 0.5121806328125 0.612239146875 0.5100081953125
0 0.60999465 0.55363115 0.5986002484374999 0.5595972437500001 0.5910076984375 0.5662250671875 0.593937753125 0.572989315625 0.6028180796875 0.5778666828125 0.6197408578125 0.5780649671875 0.6366861765625 0.5744094093750001 0.6443686609375 0.572122615625 0.6468208093750001 0.5669381234374999 0.6433846140624999 0.5579815421875 0.63520168125 0.5521734406250001 0.6274854984375 0.5503627984375 0.60999465 0.55363115
0 0.5237890265625 0.563526821875 0.5129401515625001 0.569880121875 0.49630402656249994 0.5847536437499999 0.49773251093750004 0.5869896125 0.5059548328125001 0.5909925874999999 0.5146889875 0.591285334375 0.532933465625 0.587329840625 0.53632480625 0.584237703125 0.5374777953125001 0.5793531468750001 0.5342160046875 0.56522478125 0.5311509328125 0.5618271921875 0.5284401375 0.5619398765625 0.5237890265625 0.563526821875
0 0.5948143390625 0.6400098578125 0.5872331734375 0.6348325546875 0.5796688546875 0.631703971875 0.5754901859375 0.6313858125 0.558055575 0.6348977578125 0.5565483125 0.636272040625 0.5562500499999999 0.652761765625 0.558032809375 0.6585080078125001 0.5616434109374999 0.6622928046875 0.5691177921875 0.661080359375 0.5914173078125 0.6490045578125 0.5932057578125 0.6488482375 0.5961640453125 0.645856078125 0.5971257796875 0.6440945890625 0.5948143390625 0.6400098578125
1 0.532764528125 0.60635546875 0.5201497421875 0.6090112453125001 0.510391925 0.616138959375 0.5063537390625 0.6263079859375 0.5082715140625 0.62868756875 0.5138224296875 0.630998103125 0.5231977375 0.630116521875 0.5337428828124999 0.626399103125 0.5406548890625 0.6227507328125 0.5443105687500001 0.6188278406250001 0.545952846875 0.6140868984375001 0.5434726953125 0.609271390625 0.537865540625 0.6067172625 0.532764528125 0.60635546875
0 0.5949930812499999 0.747473946875 0.5979513671875 0.7444817890625 0.5948694484375 0.73903548125 0.5955499921875 0.7360560296875 0.5795329359375 0.7140962562500001 0.572514146875 0.711354878125 0.562345815625 0.7147287265625 0.5436569015625 0.7305893234374999 0.540338646875 0.735973771875 0.5395793249999999 0.7425634750000001 0.5427174828125 0.748253375 0.54960125625 0.7543614125 0.56121491875 0.7552722515625 0.5729467484375 0.7507677125 0.5811353734375 0.7506732515625 0.588986571875 0.7491172359375 0.59087065 0.7473993812499999 0.5949930812499999 0.747473946875
0 0.6942586046875 0.6637481765625 0.6909348859375 0.65527878125 0.6817396718750001 0.6450860140625 0.6753394984375001 0.6450241546875 0.6664140921875 0.647854475 0.6541761203124999 0.65016668125 0.649030028125 0.6575125749999999 0.6488950124999999 0.6608792343750001 0.661537803125 0.6682234578124999 0.670536296875 0.667685446875 0.6823749109375 0.66957065625 0.685648084375 0.671893896875 0.6854174421875 0.6768220890625 0.6916714421875 0.672299328125 0.6937467734375 0.6674584078125 0.6942586046875 0.6637481765625
0 0.615287821875 0.471844253125 0.6194271015624999 0.4739675375 0.6258835125 0.47427298906250004 0.6397412203124999 0.47107368593750004 0.6442067703125 0.46670724375 0.642800825 0.46061743125000004 0.635838275 0.458119646875 0.62840328125 0.45752696562499995 0.6212100859375 0.45995737343750004 0.61320133125 0.4687338921875 0.615287821875 0.471844253125
0 0.5740459828125 0.5283190953125 0.57328119375 0.5210549546875 0.566959796875 0.51738284375 0.5547612171875 0.5178899234375 0.5432543390625 0.5233688328125 0.5428549828125 0.527566246875 0.550571165625 0.529376890625 0.5693386328125001 0.5296624484375 0.5740459828125 0.5283190953125
0 0.501226525 0.45789494218750004 0.4992131234375 0.4570768921875 0.49260484687500006 0.45808938125000004 0.48136230781249995 0.462737534375 0.4772735734375 0.46676040468749996 0.475687534375 0.47174493906250003 0.47903379375000005 0.476360490625 0.484961525 0.4783274546875 0.49168227656249996 0.47780215156250005 0.49644586406249996 0.476702390625 0.49951662499999994 0.4741974171875 0.5040384140625 0.47007456718749996 0.5053038765625 0.46567719687500003 0.5047808875 0.46143614531250005 0.501226525 0.45789494218750004