0 0.271 0.6515555562500001 0.269 0.6546666671875 0.2705 0.657777778125 0.28250000000000003 0.6719999999999999 0.2925 0.6786666671875 0.29575 0.6786666671875 0.3085 0.657777778125 0.30825 0.644 0.30724999999999997 0.6373333328124999 0.30575 0.633777778125 0.305 0.6271111109375 0.3065 0.6231111109375 0.305 0.621777778125 0.29674999999999996 0.6226666671875 0.27949999999999997 0.618222221875 0.27925 0.618222221875 0.27575 0.61955555625 0.27275 0.624 0.27 0.64 0.271 0.6515555562500001
0 0.31325 0.478222221875 0.3145 0.484 0.31725 0.48844444375 0.32575 0.4888888890625 0.32799999999999996 0.4911111109375 0.3315 0.488 0.33525 0.482222221875 0.33625 0.4733333328125 0.33575 0.4631111109375 0.33425 0.45644444375 0.33125 0.4511111109375 0.3245 0.44444444375 0.32175 0.44400000000000006 0.321 0.44400000000000006 0.31725 0.45644444375 0.314 0.4631111109375 0.313 0.470222221875 0.31325 0.478222221875
0 0.352 0.5471111109375 0.35924999999999996 0.5511111109375 0.36275 0.5466666671875 0.36275 0.5431111109375 0.367 0.5306666671875 0.36724999999999997 0.5226666671875 0.3665 0.51555555625 0.36475 0.51155555625 0.36175 0.5071111109374999 0.35775 0.5053333328125 0.35575 0.5053333328125 0.35125 0.518222221875 0.35025 0.5288888890625 0.35025 0.5426666671875 0.352 0.5471111109375
0 0.56925 0.6311111109375 0.57075 0.644 0.5725 0.6471111109375001 0.58125 0.654222221875 0.589 0.654222221875 0.59175 0.65244444375 0.59575 0.64844444375 0.6005 0.6368888890625 0.6 0.629777778125 0.599 0.6266666671875 0.59925 0.6231111109375 0.5972500000000001 0.61955555625 0.59525 0.6124444437500001 0.592 0.6071111109375 0.58675 0.6044444437500001 0.58525 0.602222221875 0.579 0.602222221875 0.57775 0.602222221875 0.5742499999999999 0.6044444437500001 0.572 0.60755555625 0.5695 0.6168888890625001 0.56925 0.6311111109375
0 0.6252500000000001 0.61955555625 0.629 0.62755555625 0.6335 0.63155555625 0.637 0.63155555625 0.6405000000000001 0.629777778125 0.6445000000000001 0.624 0.647 0.61155555625 0.65025 0.605777778125 0.64925 0.602222221875 0.64275 0.5951111109375 0.63425 0.589777778125 0.6327499999999999 0.589777778125 0.62975 0.589777778125 0.6247499999999999 0.5991111109375 0.62325 0.605777778125 0.6252500000000001 0.61955555625
0 0.6014999999999999 0.4733333328125 0.6012500000000001 0.4888888890625 0.603 0.49466666718749996 0.608 0.5031111109374999 0.61975 0.5128888890625001 0.62275 0.514222221875 0.62675 0.5133333328125 0.6285000000000001 0.5097777781249999 0.62675 0.4951111109375 0.621 0.4768888890625 0.6195 0.46844444375 0.61625 0.4608888890625 0.61575 0.4608888890625 0.61275 0.4648888890625 0.6045 0.46844444375 0.60225 0.4711111109375 0.6014999999999999 0.4733333328125
0 0.61675 0.3453333328125 0.615 0.34888888906250004 0.61375 0.36355555625 0.61275 0.365777778125 0.61425 0.3693333328125 0.6144999999999999 0.37333333281250003 0.617 0.37466666718749997 0.633 0.37333333281250003 0.63975 0.368 0.6519999999999999 0.36266666718749996 0.64375 0.35555555625 0.64375 0.352 0.645 0.3506666671875 0.645 0.34844444375 0.643 0.3453333328125 0.6407499999999999 0.33688888906250003 0.63575 0.3311111109375 0.6315000000000001 0.3293333328125 0.6301249999999999 0.3293333328125 0.6255 0.330222221875 0.6214999999999999 0.3333333328125 0.6165 0.341777778125 0.61675 0.3453333328125
0 0.5045 0.3608888890625 0.50325 0.368 0.50175 0.369777778125 0.502 0.37155555625000003 0.505 0.37155555625000003 0.509 0.376 0.51 0.38 0.516 0.38044444374999997 0.5197499999999999 0.37733333281250003 0.5225 0.37244444374999996 0.525 0.36266666718749996 0.5245 0.3586666671875 0.526 0.35555555625 0.5255 0.3351111109375 0.5225 0.32355555625 0.52225 0.32355555625 0.518 0.3288888890625 0.5117499999999999 0.34088888906250003 0.5095 0.34888888906250004 0.5045 0.3608888890625
0 0.4585 0.2613333328125 0.46025 0.270222221875 0.46349999999999997 0.2706666671875 0.46749999999999997 0.26444444375 0.47450000000000003 0.2506666671875 0.47800000000000004 0.23777777812499998 0.47800000000000004 0.230222221875 0.476 0.22577777812500002 0.47275 0.22044444375 0.46825 0.2191111109375 0.466 0.2191111109375 0.45949999999999996 0.2226666671875 0.45125000000000004 0.234222221875 0.45075000000000004 0.23644444375 0.4585 0.2613333328125
0 0.866 0.30622222187500003 0.85825 0.31066666718749997 0.8552500000000001 0.3173333328125 0.8554999999999999 0.3213333328125 0.8547499999999999 0.32444444375 0.8564999999999999 0.3311111109375 0.8627499999999999 0.33999999999999997 0.87325 0.34888888906250004 0.87425 0.341777778125 0.8765000000000001 0.3373333328125 0.8792500000000001 0.32755555625 0.882 0.3133333328125 0.88375 0.31066666718749997 0.8845000000000001 0.3071111109375 0.884 0.30444444375 0.88325 0.30444444375 0.8805 0.31022222187500004 0.87625 0.30533333281249997 0.8720000000000001 0.30533333281249997 0.866 0.30622222187500003
0 0.771 0.342222221875 0.7725 0.3453333328125 0.7795 0.349777778125 0.78275 0.3493333328125 0.788 0.3453333328125 0.79225 0.338222221875 0.79225 0.3346666671875 0.79425 0.3311111109375 0.79325 0.3226666671875 0.791 0.32 0.7887500000000001 0.32 0.7787499999999999 0.324 0.771 0.3288888890625 0.76925 0.333777778125 0.771 0.342222221875