0 0.386 0.6133333328125 0.38475000000000004 0.622222221875 0.385 0.630222221875 0.387 0.6351111109375001 0.39725 0.6448888890625 0.4125 0.644 0.41825 0.6413333328124999 0.42074999999999996 0.637777778125 0.42774999999999996 0.6333333328124999 0.429 0.629777778125 0.43025 0.61955555625 0.43499999999999994 0.6124444437500001 0.43499999999999994 0.6093333328125 0.43375 0.608 0.4225 0.6048888890625 0.4211875 0.6048888890625 0.40025000000000005 0.6053333328125 0.38975 0.60755555625 0.387 0.610222221875 0.386 0.6133333328125
0 0.24375 0.629777778125 0.24500000000000002 0.644 0.24825 0.6506666671875 0.2585 0.658222221875 0.26225 0.6591111109375001 0.266 0.657777778125 0.27225 0.6515555562500001 0.2765 0.64044444375 0.277 0.63155555625 0.28075 0.62 0.28025 0.6093333328125 0.27625 0.605777778125 0.2555 0.6053333328125 0.255 0.6053333328125 0.24825 0.6084444437500001 0.2465 0.61155555625 0.244 0.62 0.24375 0.629777778125
0 0.53975 0.37644444374999997 0.54 0.38 0.5387500000000001 0.38355555625000004 0.5387500000000001 0.38755555625000004 0.536 0.40088888906250003 0.537 0.40755555625 0.542 0.41511111093749997 0.548 0.41644444375 0.557 0.41422222187499996 0.56175 0.40444444375 0.56325 0.3973333328125 0.56925 0.3866666671875 0.5685 0.3808888890625 0.56725 0.377777778125 0.56075 0.3693333328125 0.55425 0.364 0.55375 0.3631111109375 0.548 0.36444444374999996 0.5467500000000001 0.36666666718749996 0.54425 0.3671111109375 0.53975 0.37644444374999997
0 0.567 0.31066666718749997 0.5667500000000001 0.31422222187500004 0.56175 0.32355555625 0.558 0.352 0.5615 0.36266666718749996 0.5735 0.372 0.575 0.37155555625000003 0.5780000000000001 0.3648888890625 0.579 0.36044444375 0.58175 0.326222221875 0.5845 0.32044444375 0.59175 0.3173333328125 0.589 0.30355555624999997 0.58925 0.3 0.5872499999999999 0.29644444375 0.58825 0.29333333281249996 0.58375 0.292 0.5825 0.292 0.57175 0.29333333281249996 0.567 0.30044444375 0.5660000000000001 0.30533333281249997 0.567 0.31066666718749997
0 0.61975 0.50844444375 0.616 0.5151111109375 0.61775 0.522222221875 0.621 0.5288888890625 0.62225 0.5351111109375 0.626 0.5408888890625 0.6335 0.5475555562500001 0.63875 0.5488888890625 0.6497499999999999 0.548 0.65025 0.5466666671875 0.647 0.5328888890625 0.63925 0.516 0.6385 0.512 0.63425 0.5053333328125 0.62675 0.4968888890625 0.62625 0.4968888890625 0.6245 0.498222221875 0.62225 0.50444444375 0.62 0.5053333328125 0.61975 0.50844444375
0 0.562 0.41688888906250005 0.5625 0.42488888906250005 0.5662499999999999 0.4346666671875 0.57125 0.4431111109375 0.5745 0.44666666718750003 0.5780000000000001 0.44888888906249996 0.585 0.4471111109375 0.592 0.4351111109375 0.59275 0.42933333281249997 0.5865 0.41111111093749997 0.5780000000000001 0.394222221875 0.5755 0.393777778125 0.5745 0.3906666671875 0.5745 0.390222221875 0.56775 0.3968888890625 0.56725 0.40088888906250003 0.56375 0.4066666671875 0.562 0.41688888906250005
0 0.8342499999999999 0.528 0.84175 0.5408888890625 0.8522500000000001 0.5568888890625 0.8557499999999999 0.5595555562500001 0.85925 0.5599999999999999 0.86175 0.549777778125 0.8634999999999999 0.5466666671875 0.8632500000000001 0.5431111109375 0.86525 0.5288888890625 0.8654999999999999 0.5137777781249999 0.8640000000000001 0.504 0.8619999999999999 0.498222221875 0.8574999999999999 0.493777778125 0.8560000000000001 0.49066666718749996 0.85375 0.489777778125 0.8525 0.48755555624999997 0.8435 0.4848888890625 0.84175 0.4848888890625 0.8385 0.48755555624999997 0.8305 0.501777778125 0.828 0.512 0.8342499999999999 0.528
0 0.8875 0.46666666718750005 0.8880000000000001 0.4711111109375 0.8869999999999999 0.4733333328125 0.8877499999999999 0.4773333328125 0.8869999999999999 0.4808888890625 0.88825 0.48355555624999996 0.8877499999999999 0.48755555624999997 0.889 0.4911111109375 0.8975 0.5066666671875 0.90525 0.5168888890625001 0.9077500000000001 0.5186666671875 0.9115 0.5186666671875 0.9145 0.51644444375 0.921 0.50755555625 0.92425 0.498222221875 0.925 0.484 0.9235 0.4808888890625 0.92425 0.4773333328125 0.92225 0.4711111109375 0.9177500000000001 0.4631111109375 0.908 0.45199999999999996 0.907 0.45199999999999996 0.9045 0.453777778125 0.89625 0.454222221875 0.8915 0.457777778125 0.8875 0.46666666718750005
0 0.46825 0.62355555625 0.47000000000000003 0.6293333328124999 0.4725 0.633777778125 0.47375 0.64355555625 0.477 0.65244444375 0.48525 0.6608888890625 0.49124999999999996 0.67155555625 0.49474999999999997 0.6706666671875 0.5 0.6631111109375001 0.51525 0.6493333328124999 0.51725 0.64355555625 0.521 0.62355555625 0.525 0.617777778125 0.5275000000000001 0.616 0.526 0.6133333328125 0.52225 0.614222221875 0.517 0.610222221875 0.488 0.610222221875 0.48775 0.610222221875 0.46975 0.612 0.46875 0.6128888890625 0.46775 0.618222221875 0.46825 0.62355555625
0 0.36075 0.337777778125 0.35924999999999996 0.34888888906250004 0.36025 0.3631111109375 0.3625 0.3688888890625 0.3665 0.37333333281250003 0.371 0.374222221875 0.3765 0.37244444374999996 0.3815 0.365777778125 0.38425 0.36 0.38525 0.346222221875 0.3845 0.337777778125 0.37675000000000003 0.32355555625 0.375375 0.32355555625 0.3695 0.324 0.365 0.32755555625 0.3625 0.3311111109375 0.36075 0.337777778125
0 0.36625 0.2928888890625 0.367 0.2906666671875 0.37025 0.2906666671875 0.37124999999999997 0.29244444375 0.36825 0.296 0.36724999999999997 0.29955555624999997 0.36724999999999997 0.30355555624999997 0.36625 0.3071111109375 0.36724999999999997 0.309777778125 0.36775 0.3186666671875 0.36625 0.3208888890625 0.3695 0.3226666671875 0.38075000000000003 0.3226666671875 0.39175 0.313777778125 0.394 0.31022222187500004 0.394 0.3066666671875 0.3915 0.2968888890625 0.387 0.2893333328125 0.381 0.2871111109375 0.3795 0.2871111109375 0.37374999999999997 0.288 0.373 0.289777778125 0.36625 0.289777778125 0.36625 0.2928888890625
0 0.519 0.47066666718750005 0.51375 0.473777778125 0.51275 0.478222221875 0.5155000000000001 0.4911111109375 0.517 0.4933333328125 0.519 0.5 0.5237499999999999 0.508 0.526 0.51555555625 0.5325 0.5248888890625001 0.5365 0.5275555562500001 0.54425 0.5191111109375 0.5467500000000001 0.512 0.54775 0.5013333328125 0.5467500000000001 0.4951111109375 0.54725 0.49066666718749996 0.5465 0.4808888890625 0.545 0.47066666718750005 0.54225 0.4631111109375 0.53625 0.4573333328125 0.534875 0.4573333328125 0.52925 0.457777778125 0.52675 0.45999999999999996 0.5255 0.46355555624999994 0.519 0.47066666718750005
0 0.72975 0.554222221875 0.727 0.57155555625 0.72875 0.5808888890625 0.731 0.5866666671874999 0.737 0.5902222218750001 0.7485 0.5911111109375 0.76475 0.58844444375 0.76925 0.5853333328125 0.7685 0.5822222218750001 0.76925 0.577777778125 0.7595 0.558222221875 0.752 0.545777778125 0.74875 0.5417777781249999 0.74475 0.5395555562500001 0.744 0.5395555562500001 0.73775 0.54044444375 0.7344999999999999 0.5431111109375 0.734 0.545777778125 0.72975 0.554222221875
0 0.64275 0.30355555624999997 0.6465 0.312 0.64825 0.313777778125 0.6545 0.32844444375 0.6685 0.337777778125 0.6717500000000001 0.3373333328125 0.67475 0.33999999999999997 0.678 0.33999999999999997 0.68275 0.3386666671875 0.689 0.334222221875 0.69225 0.334222221875 0.69325 0.33244444375 0.69625 0.33199999999999996 0.6950000000000001 0.32799999999999996 0.6995 0.3226666671875 0.7 0.32044444375 0.69775 0.317777778125 0.6975 0.31555555625 0.696 0.3133333328125 0.696 0.31066666718749997 0.689 0.3008888890625 0.6805 0.298222221875 0.6791 0.298222221875 0.6635 0.2991111109375 0.6555 0.30133333281249997 0.6455 0.30133333281249997 0.64275 0.30355555624999997
0 0.8095000000000001 0.41422222187499996 0.8095000000000001 0.42044444375 0.81125 0.4311111109375 0.8135 0.43644444375 0.81775 0.4413333328125 0.819 0.4453333328125 0.82175 0.4493333328125 0.828 0.45599999999999996 0.83825 0.4511111109375 0.8412499999999999 0.44844444375 0.8455 0.4386666671875 0.8477499999999999 0.42977777812499995 0.8462500000000001 0.42177777812499995 0.83775 0.41155555625 0.834 0.404 0.83475 0.40088888906250003 0.833 0.3973333328125 0.8324999999999999 0.390222221875 0.82825 0.38533333281250004 0.82691675 0.38533333281250004 0.82025 0.38533333281250004 0.8167500000000001 0.3888888890625 0.8109999999999999 0.40444444375 0.8095000000000001 0.41422222187499996
0 0.487 0.341777778125 0.4925 0.353777778125 0.49824999999999997 0.36044444375 0.5055 0.35955555625 0.5135 0.352 0.5165 0.34488888906250004 0.51675 0.3346666671875 0.51825 0.32799999999999996 0.51775 0.32444444375 0.5125 0.3191111109375 0.50275 0.316 0.5014375 0.316 0.49749999999999994 0.316 0.49400000000000005 0.317777778125 0.493 0.32444444375 0.487 0.341777778125
0 0.5325 0.745777778125 0.5325 0.752 0.5365 0.75955555625 0.5395 0.7626666671875 0.5469999999999999 0.762222221875 0.55525 0.7551111109375 0.5587500000000001 0.748 0.5589999999999999 0.74 0.5575 0.7271111109375 0.55375 0.7213333328125 0.5469999999999999 0.7186666671874999 0.54475 0.7186666671874999 0.5395 0.722222221875 0.53675 0.7271111109375 0.53525 0.7311111109375 0.5325 0.745777778125
0 0.382 0.8528888890624999 0.39049999999999996 0.86044444375 0.394 0.8591111109374999 0.39825 0.8466666671875 0.39849999999999997 0.8422222218750001 0.40049999999999997 0.8351111109374999 0.3995 0.828 0.39849999999999997 0.82444444375 0.39525 0.8204444437499999 0.38475000000000004 0.8177777781250001 0.3835 0.8177777781250001 0.3755 0.828 0.3755 0.8346666671875 0.37925 0.8422222218750001 0.382 0.8528888890624999
0 0.10225 0.6093333328125 0.10024999999999999 0.6093333328125 0.10200000000000001 0.610222221875 0.1035 0.61555555625 0.1035 0.62 0.1045 0.624 0.1065 0.625777778125 0.1075 0.6284444437500001 0.11425 0.633777778125 0.11750000000000001 0.638222221875 0.12050000000000001 0.63955555625 0.1265 0.636 0.13 0.6306666671875 0.1345 0.6231111109375 0.1395 0.6093333328125 0.136 0.606222221875 0.13125 0.6048888890625 0.1265 0.606222221875 0.12325 0.604 0.121875 0.604 0.11499999999999999 0.604 0.11299999999999999 0.605777778125 0.10874999999999999 0.6044444437500001 0.10225 0.6093333328125
0 0.0315 0.5688888890625 0.0325 0.574222221875 0.0385 0.58355555625 0.04375 0.588 0.050749999999999997 0.5893333328125 0.05500000000000001 0.58444444375 0.05600000000000001 0.56755555625 0.05225 0.5626666671875 0.050249999999999996 0.557777778125 0.0485 0.5568888890625 0.04675 0.5568888890625 0.043 0.5573333328125 0.03625 0.5608888890625 0.03 0.56755555625 0.0315 0.5688888890625