0 0.40355555625 0.512 0.40977777812499994 0.5157499999999999 0.43244444375 0.52525 0.4391111109375 0.5269999999999999 0.44888888906249996 0.5285 0.4653333328125 0.5285 0.47511111093749997 0.5275000000000001 0.48266666718750006 0.5215 0.496 0.51525 0.50355555625 0.5085 0.5013333328125 0.5002500000000001 0.4933333328125 0.49124999999999996 0.4813333328125 0.48425 0.46399999999999997 0.4805 0.43288888906249995 0.47750000000000004 0.42044444375 0.47975 0.41422222187499996 0.47925000000000006 0.40533333281250006 0.48075 0.38844444375 0.48825 0.38755555625000004 0.4915 0.3906666671875 0.49450000000000005 0.393777778125 0.502 0.40355555625 0.512
0 0.756 0.33925 0.78044444375 0.339 0.790222221875 0.33775 0.8035555562500001 0.34075 0.8351111109374999 0.34075 0.837777778125 0.34049999999999997 0.852 0.3315 0.8488888890625 0.32075 0.8426666671874999 0.31275 0.83155555625 0.3025 0.818222221875 0.29525 0.8115555562500001 0.28825 0.8053333328125 0.28575 0.802222221875 0.28575 0.789777778125 0.2895 0.786222221875 0.2895 0.7746666671875 0.29275 0.7573333328125 0.29975 0.74444444375 0.30225 0.724 0.31725 0.72355555625 0.3215 0.730222221875 0.3315 0.7346666671875 0.33399999999999996 0.756 0.33925
0 0.6751111109375 0.8525 0.6826666671875 0.8522500000000001 0.69244444375 0.85 0.70044444375 0.844 0.7066666671874999 0.8365 0.7066666671874999 0.82775 0.6977777781250001 0.82225 0.6933333328125 0.8215 0.6746666671875 0.8237500000000001 0.66355555625 0.81975 0.6613333328125 0.81775 0.64844444375 0.8154999999999999 0.64 0.81525 0.6288888890625 0.8182499999999999 0.62355555625 0.8215 0.621777778125 0.8247500000000001 0.6213333328124999 0.8314999999999999 0.626222221875 0.8387499999999999 0.666222221875 0.849 0.6751111109375 0.8525
0 0.29644444375 0.8525 0.2991111109375 0.8522500000000001 0.301777778125 0.85025 0.3111111109375 0.84925 0.31022222187500004 0.8460000000000001 0.313777778125 0.845 0.3186666671875 0.8400000000000001 0.3293333328125 0.8327500000000001 0.3311111109375 0.8285 0.32977777812500003 0.8234999999999999 0.33155555625 0.8210000000000001 0.3288888890625 0.8162499999999999 0.3186666671875 0.8095000000000001 0.31555555625 0.80575 0.3168888890625 0.80375 0.3111111109375 0.7985 0.30622222187500003 0.7965 0.308 0.8007500000000001 0.3048888890625 0.8045 0.293777778125 0.8029999999999999 0.29111111093750003 0.80375 0.286222221875 0.80325 0.2831111109375 0.8055 0.27644444375 0.8065 0.26844444375 0.8055 0.26577777812500003 0.8035 0.2613333328125 0.805 0.258222221875 0.8029999999999999 0.25155555625 0.8095000000000001 0.2506666671875 0.81075 0.25866666718750003 0.82125 0.286222221875 0.8480000000000001 0.29644444375 0.8525
0 0.74444444375 0.8307499999999999 0.7546666671875 0.8320000000000001 0.7586666671875 0.8314999999999999 0.765777778125 0.8295 0.773777778125 0.8247500000000001 0.7755555562499999 0.8210000000000001 0.7755555562499999 0.8102499999999999 0.7733333328125 0.8085000000000001 0.758222221875 0.80475 0.75155555625 0.8039999999999999 0.74044444375 0.8067500000000001 0.7306666671875 0.8109999999999999 0.728 0.8135 0.728 0.8175000000000001 0.7333333328125 0.825 0.737777778125 0.82825 0.74444444375 0.8307499999999999
0 0.7373333328125 0.80375 0.73955555625 0.8002499999999999 0.737777778125 0.79775 0.7293333328125 0.796 0.7088888890625 0.8 0.7031111109375 0.8039999999999999 0.6991111109375 0.8099999999999999 0.69955555625 0.8167500000000001 0.706222221875 0.8162499999999999 0.72 0.81275 0.7373333328125 0.80375
0 0.8831111109374999 0.568 0.8871111109375001 0.56425 0.8871111109375001 0.55675 0.8835555562499999 0.5519999999999999 0.877777778125 0.54875 0.870222221875 0.5465 0.8631111109375 0.54775 0.8577777781249999 0.5507500000000001 0.852 0.55525 0.8497777781250001 0.5587500000000001 0.8515555562499999 0.56575 0.8586666671875 0.57125 0.8746666671875 0.571 0.8831111109374999 0.568
0 0.5466666671875 0.933 0.5533333328125 0.931 0.5591111109375 0.9289999999999999 0.570222221875 0.922 0.570222221875 0.9147500000000001 0.56444444375 0.90725 0.53244444375 0.89025 0.5257777781249999 0.89025 0.5231111109375 0.8939999999999999 0.5151111109375 0.92175 0.5151111109375 0.9275 0.5177777781249999 0.93225 0.5293333328125 0.9345000000000001 0.5466666671875 0.933
0 0.542222221875 0.17475000000000002 0.5506666671875 0.172 0.5551111109375 0.16875 0.5573333328125 0.1655 0.5555555562500001 0.161 0.5413333328125 0.151 0.5377777781249999 0.15025 0.5297777781249999 0.15075 0.5217777781249999 0.156 0.52 0.1585 0.51955555625 0.16499999999999998 0.5288888890625 0.172 0.5395555562500001 0.175 0.542222221875 0.17475000000000002
0 0.5426666671875 0.37374999999999997 0.5595555562500001 0.37275 0.566222221875 0.36675 0.5648888890625 0.36275 0.5568888890625 0.361 0.5413333328125 0.36175 0.5355555562500001 0.364 0.5346666671875 0.367 0.53644444375 0.37124999999999997 0.5386666671875 0.373 0.5426666671875 0.37374999999999997
0 0.7066666671874999 0.34875 0.7066666671874999 0.34275 0.7026666671874999 0.34075 0.69555555625 0.34075 0.6888888890625 0.34375 0.68844444375 0.34900000000000003 0.69244444375 0.35225 0.6991111109375 0.3525 0.7066666671874999 0.34875
0 0.337777778125 0.1635 0.34888888906250004 0.16325 0.35288888906250004 0.16125 0.36044444375 0.15425 0.36 0.14675 0.3573333328125 0.142 0.3546666671875 0.1405 0.3568888890625 0.13774999999999998 0.35644444375 0.13574999999999998 0.3551111109375 0.135 0.341777778125 0.13674999999999998 0.3306666671875 0.14075 0.32577777812500003 0.144 0.32577777812500003 0.14550000000000002 0.3311111109375 0.16125 0.337777778125 0.1635