0 0.675 0.5435555562500001 0.67875 0.5448888890625 0.6799999999999999 0.5368888890625 0.6825 0.5297777781249999 0.6885 0.5191111109375 0.688 0.497777778125 0.6865 0.4911111109375 0.6805 0.484 0.675 0.48266666718750006 0.66125 0.48444444375 0.6575 0.48755555624999997 0.65625 0.492 0.65725 0.50355555625 0.66825 0.53244444375 0.6717500000000001 0.54 0.675 0.5435555562500001
0 0.75 0.58044444375 0.75175 0.5848888890625 0.7485 0.5991111109375 0.748 0.605777778125 0.749 0.608 0.75825 0.6146666671875 0.76275 0.609777778125 0.77025 0.5928888890625 0.77575 0.5711111109375 0.7735000000000001 0.5631111109375 0.77275 0.5546666671875 0.77125 0.5515555562500001 0.7655000000000001 0.5453333328125 0.76275 0.5475555562500001 0.758 0.546222221875 0.75266675 0.53940755625 0.7525000000000001 0.5266666671875 0.7537499999999999 0.5128888890625001 0.75275 0.5053333328125 0.748 0.5008888890625001 0.74075 0.506222221875 0.7394999999999999 0.5146666671875 0.74125 0.5253333328124999 0.73875 0.5306666671875 0.7335 0.5355555562500001 0.7315 0.5413333328125 0.732 0.56044444375 0.7342500000000001 0.570222221875 0.74425 0.5733333328125 0.75 0.58044444375
0 0.78725 0.5337777781249999 0.7925 0.532 0.79925 0.526222221875 0.8019999999999999 0.52 0.79725 0.501777778125 0.7925 0.496 0.7837500000000001 0.49555555625 0.779 0.49733333281250003 0.77525 0.501777778125 0.7735000000000001 0.51155555625 0.77275 0.5191111109375 0.77525 0.5293333328125 0.7815000000000001 0.5328888890625 0.78725 0.5337777781249999
0 0.826 0.44444444375 0.829 0.44088888906249996 0.8320000000000001 0.43200000000000005 0.8314999999999999 0.41822222187499997 0.8244999999999999 0.41688888906250005 0.8150000000000001 0.42400000000000004 0.8125 0.4306666671875 0.81225 0.442222221875 0.81325 0.44400000000000006 0.819 0.44577777812499997 0.826 0.44444444375
0 0.38325 0.71155555625 0.39825 0.7057777781250001 0.3995 0.6991111109375 0.398 0.69155555625 0.39025 0.678222221875 0.38325 0.66044444375 0.38 0.6573333328125 0.37675000000000003 0.6595555562500001 0.372 0.66755555625 0.3705 0.674222221875 0.3705 0.6853333328125 0.381 0.6973333328125 0.3815 0.7071111109375 0.38325 0.71155555625
0 0.41125 0.5533333328125 0.41325 0.5471111109375 0.41200000000000003 0.5395555562500001 0.404 0.5186666671875 0.40099999999999997 0.51555555625 0.3975 0.516 0.393 0.5213333328124999 0.39125 0.5257777781249999 0.39125 0.546222221875 0.397 0.56755555625 0.40374999999999994 0.56444444375 0.41125 0.5533333328125
0 0.40800000000000003 0.5168888890625001 0.41174999999999995 0.508 0.41125 0.497777778125 0.40099999999999997 0.482222221875 0.39049999999999996 0.4791111109375 0.3895 0.48044444375 0.39025 0.4911111109375 0.404 0.514222221875 0.40800000000000003 0.5168888890625001
0 0.52125 0.34888888906250004 0.524 0.3391111109375 0.52425 0.334222221875 0.522 0.330222221875 0.516 0.3306666671875 0.51075 0.3346666671875 0.50725 0.3431111109375 0.507 0.34711111093749997 0.50825 0.35244444375 0.512 0.3568888890625 0.52125 0.34888888906250004
0 0.25625 0.5599999999999999 0.25825 0.5751111109375 0.25875 0.58844444375 0.272 0.60355555625 0.274 0.60355555625 0.27549999999999997 0.6013333328125 0.27925 0.604 0.28275 0.6013333328125 0.286 0.6031111109375 0.29125 0.6013333328125 0.29300000000000004 0.605777778125 0.29325 0.610222221875 0.2945 0.609777778125 0.30025 0.616 0.3025 0.605777778125 0.3 0.6008888890625 0.298 0.6 0.28700000000000003 0.57155555625 0.28650000000000003 0.5648888890625 0.28250000000000003 0.55244444375 0.2745 0.54044444375 0.27075 0.5297777781249999 0.269 0.5208888890625001 0.26549999999999996 0.51244444375 0.262 0.50844444375 0.25825 0.497777778125 0.255 0.49466666718749996 0.2515 0.4968888890625 0.25175000000000003 0.5013333328125 0.25025 0.5048888890625001 0.2505 0.5111111109375 0.24900000000000003 0.5186666671875 0.24525000000000002 0.5266666671875 0.24425 0.5328888890625 0.24525000000000002 0.5391111109375 0.252 0.549777778125 0.25625 0.5599999999999999
0 0.2165 0.5591111109375 0.22025 0.5586666671875 0.22825 0.5506666671875 0.23125 0.545777778125 0.23174999999999998 0.538222221875 0.231 0.53244444375 0.22725 0.5151111109375 0.22374999999999998 0.5088888890625001 0.21325 0.522222221875 0.20825 0.5306666671875 0.20600000000000002 0.536 0.20625 0.5435555562500001 0.21349999999999997 0.5573333328125 0.2165 0.5591111109375
0 0.19575 0.42933333281249997 0.207 0.42800000000000005 0.21675 0.41644444375 0.25325000000000003 0.36 0.26825 0.341777778125 0.251 0.3386666671875 0.23424999999999999 0.3328888890625 0.22374999999999998 0.333777778125 0.21375000000000002 0.338222221875 0.2065 0.345777778125 0.193 0.36622222187500003 0.18575 0.38044444374999997 0.178 0.40088888906250003 0.17875000000000002 0.4186666671875 0.18225 0.42755555625 0.188 0.42355555625 0.19575 0.42933333281249997
0 0.358 0.7208888890625 0.35750000000000004 0.7173333328125 0.35275 0.7088888890625 0.33849999999999997 0.69555555625 0.33475 0.69955555625 0.33375 0.70755555625 0.32799999999999996 0.7111111109375 0.3245 0.7093333328125 0.32599999999999996 0.7133333328125 0.33625 0.713777778125 0.35575 0.7226666671875 0.358 0.7208888890625
0 0.3215 0.6568888890625 0.32599999999999996 0.658222221875 0.34175 0.657777778125 0.34625 0.654222221875 0.34925 0.6231111109375 0.34875 0.621777778125 0.3465 0.624 0.33575 0.622222221875 0.33025000000000004 0.616 0.3285 0.6084444437500001 0.3245 0.6066666671875 0.323 0.6088888890625 0.31925 0.6351111109375001 0.3175 0.64 0.31825000000000003 0.64355555625 0.317 0.6471111109375001 0.3175 0.6506666671875 0.3215 0.6568888890625