0 0.456166053125 0.6377219859375 0.4563716828125 0.6314232734375 0.4553322671875 0.627599128125 0.448996715625 0.6195761765625 0.44287055156250005 0.6170270828125 0.4389350375 0.617620384375 0.428810321875 0.6251603609374999 0.42180009687500003 0.632400209375 0.41987662031250006 0.6383650046875 0.4217498234375 0.6523120062500001 0.4265011125 0.6645546390625 0.43242164843750003 0.6734024453125 0.43463031093750004 0.6738317656249999 0.43971705937500005 0.6725567140625001 0.44878434843750004 0.66390566875 0.456166053125 0.6377219859375
0 0.1129582375 0.49177562343750003 0.11615753124999999 0.49103921250000004 0.1328684515625 0.47844078437500004 0.139936465625 0.4748342734375 0.147589103125 0.46953035 0.15031559218749999 0.465985459375 0.1496386515625 0.44457401562500004 0.1475110375 0.4319358484375 0.14247831875 0.4250716703125 0.133170871875 0.42054590625 0.1192674875 0.41739059999999994 0.1078759609375 0.418345653125 0.1028650109375 0.42054096406249997 0.09619775781249999 0.43780826250000004 0.09356883437499999 0.4513329046875 0.0947598484375 0.45699756875 0.09850774375 0.45998989999999995 0.10251905624999999 0.4603168578125 0.10421889375 0.4633638515625 0.10579790625 0.47227327656250007 0.1062834703125 0.48549778750000006 0.1129582375 0.49177562343750003
0 0.42517353125 0.704139725 0.4263968078125 0.69260566875 0.4261784171875 0.68848835 0.423920971875 0.6830691546875001 0.41779480781249995 0.6805200609375001 0.40984798125 0.68078640625 0.40220435 0.684733790625 0.3978358109375 0.688865025 0.3945066875 0.6968204046875 0.39381925 0.7016671734375 0.395549859375 0.71241711875 0.40048876875 0.721074115625 0.40463366875 0.7259546703125 0.4118262640625 0.7282582953125 0.41766724375 0.7244132734375001 0.42281702968749996 0.7136424515625001 0.42517353125 0.704139725
0 0.503087534375 0.6518229890625 0.5053682375 0.641400003125 0.5035618281249999 0.6297297984375 0.5017771875 0.6271190828125001 0.494660390625 0.6257357171875 0.48433529374999995 0.6264453 0.4797213484375 0.6305288328125 0.4774008671875 0.6346054062500001 0.47522297968749994 0.6418790390625 0.475365571875 0.645076096875 0.4783937671875 0.67011391875 0.4813694203125 0.6783892984375 0.4899226375 0.68548503125 0.494915578125 0.6860027984375 0.49853889218749997 0.68308499375 0.5016676343750001 0.66829921875 0.503087534375 0.6518229890625
0 0.13299309374999999 0.6324044234375 0.1326899 0.6287233828125001 0.13505540625 0.6178641171875 0.13573008125 0.6026013203125 0.13888583906250002 0.5837459296875 0.1342951515625 0.571987278125 0.1311318796875 0.5672975328125001 0.1278657921875 0.5657571453125 0.119976753125 0.5696568265625 0.11388136093750001 0.5748106843749999 0.10536792187499999 0.574061365625 0.10109319218749999 0.5763997828125 0.0933107265625 0.5889226765625 0.0932079109375 0.5920720328125 0.0998646671875 0.6010629468750001 0.115895665625 0.6168564187500001 0.12121356875 0.630114715625 0.12494345312499999 0.635820125 0.127955128125 0.63866935 0.13011500625 0.6341087937500001 0.13299309374999999 0.6324044234375
0 0.3108199875 0.7303572859374999 0.312467284375 0.7166418359375 0.312088290625 0.7120405375 0.3014382328125 0.700009590625 0.3000505953125 0.6992870984375 0.296181875 0.7021571984375 0.2885329953125 0.7192336906250001 0.28381623437500003 0.7264665781249999 0.2792150515625 0.7409661390625 0.277152740625 0.75550644375 0.278031553125 0.758846609375 0.2809584234375 0.7621321125 0.28766020625 0.764340334375 0.2925285640625 0.758947965625 0.2946614265625 0.758457025 0.3026532796875 0.7514079875 0.3108199875 0.7303572859374999
0 0.37409140625 0.724545484375 0.374426865625 0.7110278015625 0.373472253125 0.706767378125 0.37167860625000004 0.7055132015625001 0.361429309375 0.7071430453125 0.35179540781249996 0.7147784265625 0.34881450625 0.719632153125 0.3474576421875 0.7266126140625 0.3481488359375 0.7335384125 0.35169110312499996 0.74282945625 0.355269390625 0.7466943453125 0.362792196875 0.74860939375 0.36427364375 0.74753906875 0.372319528125 0.7323508000000001 0.37409140625 0.724545484375
0 0.5137263828124999 0.7765897390625 0.514882865625 0.7627788843750001 0.51289784375 0.753337775 0.5101495859375 0.747823175 0.5064684828125 0.747107640625 0.50210895 0.7498823375 0.49638503749999996 0.7360923578125 0.48555636562500004 0.7262905078124999 0.4757220828125 0.7270954953125 0.4712777453125 0.7303064703125 0.46895726406250005 0.7343830437500001 0.4679306109375 0.740974928125 0.4744935578125 0.7517586578125 0.4792268375 0.7667143656250001 0.485477584375 0.7751735953125001 0.506689140625 0.7878992 0.5093038125 0.7888602046875001 0.511360875 0.7874490046875 0.5137263828124999 0.7765897390625
0 0.45628467187500005 0.743238815625 0.4518095609375 0.7387468390625 0.44525937656250003 0.7383791359375 0.4391819953125 0.7408199171875001 0.4345500390625 0.747616528125 0.4341838078125 0.7534312578125 0.4425313953125 0.7668257015625 0.44962117656249995 0.7722786828125 0.45518973437500004 0.7724555750000001 0.4578404265625 0.7679904234375 0.4590456921875 0.7591694437500001 0.45806030781249996 0.74720606875 0.45628467187500005 0.743238815625
0 0.59947616875 0.7900884687499999 0.6060316015625 0.7773270625 0.60484959375 0.7703058578124999 0.5998746640625 0.7670750156249999 0.59485995625 0.757497759375 0.5830894343749999 0.7538515109375 0.5763824046875 0.764772396875 0.5729144453125 0.7813032875 0.5724273890625 0.7929804515625001 0.5772056953125 0.8011534671874999 0.581208003125 0.8028369640624999 0.5852283203125 0.8018073812500001 0.5889364390625 0.7984533 0.5909267078125 0.7947653031249999 0.59947616875 0.7900884687499999
0 0.6791290109375 0.6855892234375001 0.677189015625 0.669365421875 0.6749405765625001 0.6625896874999999 0.6723349109375001 0.6602721453125 0.66448189375 0.6587456734375 0.6589043296875 0.6599253218750001 0.6570746625 0.6640972984375 0.6565966125 0.6744179234375001 0.656881796875 0.680812040625 0.6590544375 0.6866675140625 0.6686200546875 0.7016570078125001 0.6745098171875 0.7028018625 0.6771515031249999 0.6996932499999999 0.6790081859375 0.69145165625 0.6791290109375 0.6855892234375001
0 0.8098519312500001 0.4637906 0.8065190515625 0.4599734125 0.8044439765625 0.46409769062499995 0.7988393984375 0.4693469515625 0.7937076234375 0.47740469531249996 0.7926809703125001 0.483996578125 0.793796184375 0.488740984375 0.804664634375 0.50488925 0.8113574124999999 0.5084540078125 0.8167923828125 0.5040773046875 0.8173372265625 0.49603347812500004 0.8138579968749999 0.4772466640625 0.8098519312500001 0.4637906
0 0.6313278203125 0.3104651296875 0.6296227359375 0.3205472421875 0.6308137484375 0.32621190625 0.6343342468750001 0.3264434609375 0.6387965953125 0.3205194078125 0.639720434375 0.31707688125 0.6391718328125 0.31334813906250003 0.6347147328125 0.3061430859375 0.6313278203125 0.3104651296875
0 0.6583414140625 0.5226287203125 0.6555698984375 0.532956303125 0.6598754015625 0.5383208374999999 0.668067634375 0.53810219375 0.6687460656249999 0.5346119640625 0.666676240625 0.5256071343750001 0.6638341734375001 0.5218853515624999 0.660237875 0.5207335390625001 0.6583414140625 0.5226287203125
0 0.3652410171875 0.762215521875 0.363653 0.7546626359374999 0.3537789390625 0.7491212078125 0.3492407921875 0.7541250015625 0.346750703125 0.7590741328124999 0.3420827265625 0.7712968953125 0.341131871875 0.7788090390625 0.34168047343749997 0.7825377812500001 0.3464009921875 0.7870774593750001 0.3517909359375 0.789483446875 0.35735949375 0.789660340625 0.3625400515625 0.7865924718749999 0.3655442125 0.7658965625 0.3652410171875 0.762215521875
0 0.2076365390625 0.6532523203125 0.20490629062500001 0.64502464375 0.197192109375 0.6349226609375 0.1939620421875 0.62795611875 0.1875326828125 0.6217259859375 0.185069609375 0.6226054999999999 0.18133447656249999 0.6300291984374999 0.1777419359375 0.6406499546875 0.17723686875 0.65504019375 0.1785974890625 0.6598323015625 0.182015175 0.6632132109375 0.19035900625 0.6648350875 0.20061730781249998 0.66184870625 0.20118392031250001 0.6628643703125 0.2076095234375 0.6573219359375 0.2076365390625 0.6532523203125
0 0.12443975625 0.32920168125 0.12201270312500001 0.32465504375 0.118577009375 0.3239872109375 0.11536870937499999 0.326080159375 0.10661362187500001 0.33705570625000003 0.106680415625 0.33933250312499996 0.105105159375 0.3421956453125 0.100406409375 0.3467154578125 0.094587196875 0.3596199703125 0.0926059328125 0.361951428125 0.092088103125 0.3659256390625 0.095987596875 0.370758490625 0.1018683546875 0.373259884375 0.10983319218750001 0.3702804609375 0.11618299531250001 0.36381776875 0.12172978593749999 0.35493516875000003 0.123604478125 0.3439804984375 0.12443975625 0.32920168125
0 0.5450782765625 0.4462810390625 0.5444756421875 0.450691528125 0.5454970484375 0.45722874999999996 0.5486025328124999 0.45828515937500003 0.553658509375 0.44930715625 0.5542791515625 0.4421835890625 0.5524187125 0.438652615625 0.5481529875 0.43963449531250004 0.5450782765625 0.4462810390625
0 0.73690015625 0.6569756546875001 0.7366855218749999 0.6646309031250001 0.7404154078125 0.6703363125 0.7446143390625 0.6670776359375 0.747537453125 0.658590571875 0.748336709375 0.649237909375 0.7455794453125 0.6450798484375 0.7404836921875 0.6477114375 0.73690015625 0.6569756546875001
0 0.2491110625 0.7228899171875 0.24607237187500003 0.72411030625 0.24573315624999997 0.7258554203124999 0.256007978125 0.7450576375 0.25962228593750003 0.7434963734375 0.2620275703125 0.7389835203125 0.2635142640625 0.7247840890624999 0.257102915625 0.7158408781250001 0.25219477968750004 0.7148868328125 0.2491110625 0.7228899171875
0 0.707123990625 0.3057296046875 0.7084050546875 0.297828884375 0.707356634375 0.295361278125 0.6927530515625 0.286636709375 0.6883357296875 0.28577806875 0.6853368171875001 0.29334487343750004 0.6847341828125 0.2977553625 0.6876340390625 0.30511048281250003 0.6959508546875 0.3108019734375 0.702937821875 0.3194043109375 0.7062887124999999 0.32050842031250004 0.7071187421875 0.31885871093749996 0.7083059984375 0.31275080625 0.707123990625 0.3057296046875