0 0.7738878578125 0.6724157421875 0.7713639624999999 0.6830873046875 0.7738307484375 0.6895184921874999 0.7813843453125 0.688852190625 0.7880082578125001 0.696167003125 0.7888230125 0.7031557890625 0.7857522234375 0.7115905453125 0.7829744375 0.7282663031250001 0.7857837953125 0.730680946875 0.7934895234375 0.7305013546875 0.799831696875 0.7223075796875 0.8024844 0.7074227265624999 0.7981266765624999 0.6978633671875001 0.8007681171875 0.6902460984375 0.8023446359375 0.67922185625 0.80131239375 0.6744587109375 0.795335315625 0.664100771875 0.795901009375 0.65422479375 0.7951730296874999 0.65043506875 0.79096180625 0.644996209375 0.7868970843749999 0.643677853125 0.7797345265625 0.648516634375 0.7738217 0.6558929234375 0.7720716328125 0.66051904375 0.77160960625 0.66269270625 0.7735602703125 0.6667423203125 0.7738878578125 0.6724157421875
0 0.8582748109375 0.6565777890625 0.8581767749999999 0.6606463140625001 0.8632083828124999 0.669440165625 0.867213378125 0.6698370796875001 0.8700340000000001 0.6649841375000001 0.8719418296875 0.657210934375 0.872045496875 0.64950861875 0.8691493640625 0.6438949171874999 0.865573715625 0.6426805171875001 0.86024236875 0.6497260296875 0.8582748109375 0.6565777890625
0 0.9020828171874999 0.504586840625 0.8986592999999999 0.50385915 0.894517959375 0.512520725 0.890170390625 0.5161403578125 0.887442175 0.5205585671875 0.886208228125 0.5275662624999999 0.887386971875 0.536449909375 0.8889680156249999 0.542238453125 0.8922337703125001 0.5461132265625 0.90005895 0.5477765203125 0.907689165625 0.5371302859375 0.9087766109375 0.5260020875 0.90726655625 0.513867403125 0.9020828171874999 0.504586840625
0 0.5626838921874999 0.69689080625 0.5644384859375 0.7090774703125 0.5679814546874999 0.7116480453125 0.5705519078125 0.7103769171875001 0.5732801234375 0.7059587078125 0.5745794265625 0.6962386640625 0.5729983828125 0.6904501203125 0.5693359609375 0.6860366609375 0.5648689390625 0.68781340625 0.5633036812500001 0.6915700625000001 0.5626838921874999 0.69689080625
0 0.7158452343749999 0.8348609296875 0.717812790625 0.8280091687500001 0.7170904421875 0.8205856499999999 0.7111618296875 0.8184167390624999 0.705743709375 0.822263190625 0.7037761515625001 0.8291149515624999 0.704715990625 0.834312828125 0.7112858078125 0.8370724078125 0.7158452343749999 0.8348609296875
0 0.5964197312499999 0.5922856750000001 0.5983331921875 0.58087868125 0.59620335 0.5740647375 0.5856330609375 0.5877210296875 0.57493205625 0.6068020203125 0.574192815625 0.6102798765624999 0.57840966875 0.6120849453125 0.5856916796875 0.6090890484375 0.5964197312499999 0.5922856750000001
0 0.5537441203125 0.605479 0.5592490171875 0.6048316078125 0.5652542484375 0.5970205859375 0.5669772671875 0.5901168484375 0.56680371875 0.5837187296875 0.5634782390625 0.5789225140625 0.5560440953125 0.5814317 0.5490550859375001 0.5926686015625 0.549076503125 0.5985800109375 0.5537441203125 0.605479
0 0.362792471875 0.6825737359375 0.36353734531250004 0.6754620859375 0.3610818203125 0.6617633140625 0.35722895625 0.661853109375 0.3496697296875 0.666153203125 0.34267056406249996 0.6642111109375 0.341474928125 0.6662288390625 0.3391264890625 0.6820871125 0.344510825 0.7000434109375 0.3447170515625 0.70508535625 0.34679843125 0.703710271875 0.3468040625 0.70007648125 0.348488771875 0.6981627078125 0.3534448671875 0.6964899171875001 0.36095 0.6876345890625 0.362792471875 0.6825737359375
0 0.388062121875 0.7729128281250001 0.3863018984375 0.7643599562500001 0.381965590625 0.76071200625 0.378020321875 0.7612365328124999 0.37492811718749997 0.7637598796875 0.370205296875 0.7727522328124999 0.3687268140625 0.7797079484375 0.369204625 0.7870794875 0.3718832703125 0.7949188296874999 0.37450781875 0.7982029359375 0.3783606828125 0.798113140625 0.383077871875 0.7927545796875 0.385838765625 0.7869801937500001 0.387654190625 0.7796417250000001 0.388062121875 0.7729128281250001
0 0.1780915015625 0.53426466875 0.1757599546875 0.5392215671875 0.17375971875000001 0.5474295015624999 0.1737811359375 0.5533409109375 0.17815012187499998 0.5556326874999999 0.18237260625 0.5538039640625 0.191905021875 0.5390183171875 0.19378017187500002 0.532601290625 0.1928347046875 0.531037203125 0.1866615546875 0.5288163124999999 0.183205359375 0.529444796875 0.1780915015625 0.53426466875
0 0.20248647343749998 0.41949535156250006 0.20378014531250002 0.4134091 0.20287298593749997 0.40685504687499996 0.1992376125 0.40471920156249996 0.19559660625 0.4062171515625 0.1939659921875 0.41268615625000005 0.1954219515625 0.4202656078125 0.198872515625 0.42327091718750004 0.20248647343749998 0.41949535156250006
0 0.15809015312500002 0.49729835156249996 0.1525469484375 0.5029357125 0.15150344375 0.50544015 0.1517096703125 0.5104820953125 0.15970276875 0.5221772984374999 0.1636480390625 0.5216527703125 0.1668056015625 0.516417075 0.16819167968749998 0.5098960921875 0.1677138671875 0.5025245515625001 0.1662522765625 0.49857889218749996 0.1623126375 0.49546962812500006 0.15809015312500002 0.49729835156249996