0 0.7732666328125 0.559383053125 0.77582599375 0.5530082625 0.7715587515625 0.5410185015625 0.760437721875 0.53242469375 0.7508303515625 0.5289170765625 0.7401913859375 0.52810916875 0.7226986328125 0.5306972156249999 0.7074119718749999 0.533651221875 0.6798277390624999 0.5419689734375 0.6650493125 0.552209565625 0.662203125 0.55556520625 0.6629337875 0.5586076156249999 0.668284959375 0.5668990375 0.6781529890625 0.57392511875 0.6931256343750001 0.5769628890625 0.709116790625 0.5775506078125 0.734794840625 0.5716363875 0.7552907921875 0.5626968109375 0.7732666328125 0.559383053125
0 0.74375599375 0.629935275 0.7492782796874999 0.6264695390624999 0.7558583249999999 0.619804778125 0.7565638406249999 0.614834890625 0.7448681328125 0.6087143968750001 0.7356130109375 0.606977640625 0.7289031453125 0.6076273640625 0.7062272703125 0.6157016671875 0.682951571875 0.618236984375 0.6619071140624999 0.629150559375 0.6595309296874999 0.632030146875 0.6659791171875 0.6363735703125 0.6885221109375 0.647819065625 0.69468346875 0.649143340625 0.7026855890625 0.649312371875 0.7188860906250001 0.645905571875 0.7269274625000001 0.6453256296875 0.7333243328125 0.642156071875 0.74375599375 0.629935275
0 0.5378446015625 0.6016199 0.537754034375 0.594855890625 0.5289961015625 0.583632153125 0.5125097937499999 0.57550819375 0.49845098749999994 0.572017628125 0.4837520859375 0.5722486640625 0.47283835781250005 0.5766835609375 0.46392137812499995 0.5854789359375 0.46274586093750003 0.5909248781249999 0.46395960937499997 0.5932415765625 0.468619371875 0.5977416156250001 0.47599447968749997 0.6013825890625 0.48343500937500006 0.6037752750000001 0.50019608125 0.60665643125 0.5254946953124999 0.607982275 0.5345676625 0.6047026234375 0.5378446015625 0.6016199
0 0.3620224234375 0.5766338359375001 0.350652796875 0.57278351875 0.337390071875 0.5710870765625 0.327560275 0.5718236343750001 0.295916103125 0.5811803296875 0.29087690781250003 0.583920353125 0.2870776296875 0.588477759375 0.28671127812499997 0.5954681671875 0.2895433609375 0.6008737953125001 0.29724455 0.6067849453124999 0.3039413328125 0.6063848796875 0.3514075859375 0.5923498359375 0.3677912625 0.5854478328125 0.371982040625 0.581912315625 0.3620224234375 0.5766338359375001
0 0.2641642015625 0.6180691171875 0.2590475203125 0.613795475 0.2498970703125 0.610061459375 0.2415034515625 0.6088705390625 0.22814913906249998 0.6089216984375 0.19916798125 0.61841795625 0.1984101296875 0.6243864734375 0.20216913593750002 0.62908965 0.2116194984375 0.63559315625 0.216827765625 0.6381191984375 0.223485296875 0.6384681046875 0.23435977343749997 0.6347821796875001 0.2604303421875 0.6213782375 0.2641642015625 0.6180691171875
0 0.250530025 0.6659211390625 0.24028357968749997 0.6576235109375 0.22934470468749998 0.6540461109375 0.21515505781250002 0.6530521203124999 0.1976884703125 0.6551408515625 0.1958477078125 0.656296096875 0.19924138281249998 0.65947806875 0.2343405671875 0.6861015046875 0.24129800937499998 0.6892199031249999 0.2448486921875 0.6894059859375 0.24941788593749997 0.6871420171875 0.253674084375 0.6823582125 0.2557634390625 0.676459478125 0.250530025 0.6659211390625
0 0.316813396875 0.7089491109375 0.3121798046875 0.70394975625 0.3035778609375 0.6982417421875 0.301358684375 0.6981254406249999 0.29506648593749996 0.6992977390624999 0.277742803125 0.7071518515624999 0.2745182 0.7092359453125 0.27527503124999997 0.7117790390625001 0.291486575 0.7251458046875 0.2946719265625 0.723810684375 0.305767809375 0.72439219375 0.3112115890625 0.722424403125 0.314031609375 0.7195680765625 0.3169170484375 0.7154634640624999 0.316813396875 0.7089491109375
0 0.6117938140625 0.7276628406250001 0.6027228874999999 0.71391926875 0.5915495187500001 0.7063240921875 0.5850228296875 0.7034786109375 0.5810544796875 0.702769953125 0.5739007765624999 0.703396415625 0.5626086328125 0.706559765625 0.5579871046875 0.7098223640625 0.5558323265625 0.7169693875 0.5615749984375 0.7262826984374999 0.566626259375 0.7318046296875 0.5713906921875 0.7343074109375001 0.5924461921875 0.7401674015624999 0.60928576875 0.7415506125 0.612001115625 0.7406915453125 0.614390384375 0.7375623015625 0.6117938140625 0.7276628406250001
0 0.6399014046875 0.7093587921875 0.645345184375 0.7073910015625 0.6481652046875 0.704534675 0.64834838125 0.7010394718749999 0.64586854375 0.6974047062500001 0.63835053125 0.687998353125 0.6344868531250001 0.685292434375 0.609867584375 0.67949601875 0.5954565296875 0.674234590625 0.5835253109375 0.6726079296874999 0.5679649062500001 0.6722931296875 0.5561635078125 0.67668150625 0.5542965796875 0.6783360671875001 0.555431825 0.682150709375 0.5648298515625 0.6896528453124999 0.5808461546875 0.6982528593749999 0.594421875 0.7024691359374999 0.6023716593749999 0.7036367953125 0.615490459375 0.70807946875 0.633204621875 0.7097588578125 0.6399014046875 0.7093587921875
0 0.5210802890624999 0.7346748703125 0.5286909109375 0.7338220109375 0.5383385515625 0.7280690453124999 0.53922724375 0.7196039546875 0.5305085640625 0.707631246875 0.520392959375 0.69683704375 0.5156416109374999 0.6940846046875 0.48822849062499996 0.6906452 0.45892227343750003 0.68935966875 0.45311316250000006 0.6898062546875 0.4493531359375 0.693614690625 0.44865968437500003 0.70684653125 0.44454639062499995 0.717395715625 0.44521163281250004 0.7216864125 0.44852680312500004 0.726366328125 0.46190626406249996 0.7343274656250001 0.47326280781249996 0.738427440625 0.4838886875 0.7394850046875 0.4892408796875 0.739264815625 0.5082090640625 0.7340003187499999 0.5210802890624999 0.7346748703125
0 0.49543230781250003 0.8164446218749999 0.4882131875 0.8183193718749999 0.47620244375 0.826702265625 0.4750923453125 0.8308999203124999 0.477154515625 0.8340121109374999 0.4844772875 0.8386517140624999 0.4940846578125 0.8421593328125001 0.5147768671875 0.8294748953125 0.5227145890625 0.8223806015624999 0.5238246859375 0.8181829468749999 0.505705940625 0.815731325 0.49543230781250003 0.8164446218749999
0 0.377606596875 0.8142751265625 0.3777374359375 0.811778553125 0.3748268484375 0.8078708703125 0.35674735625 0.8046702765625 0.3500374890625 0.8053199984375 0.3494628140625 0.8077933125 0.35900374375 0.821060828125 0.3696940234375 0.82938171875 0.37278778749999997 0.8297941984375001 0.373740878125 0.8285924328125001 0.3716394578125 0.8262292140625 0.376940334375 0.8184960421874999 0.377606596875 0.8142751265625
0 0.2679047203125 0.232486453125 0.26509880468749997 0.2265815109375 0.24207374375000001 0.207350115625 0.23682622343749998 0.20557304687500003 0.2323486171875 0.20608941406249998 0.228210175 0.2086263015625 0.202438496875 0.23331134687500002 0.19519116718750001 0.252708634375 0.1794324609375 0.2731619171875 0.17641618125 0.2797631046875 0.1777346046875 0.28008254374999997 0.19123284062499998 0.277285153125 0.19896121718749998 0.2741853765625 0.21048887187499998 0.26652819375000003 0.24375239531249998 0.25174881718750003 0.2640007703125 0.23904112031250002 0.26729079375000003 0.23570873906249998 0.2679047203125 0.232486453125
0 0.748432259375 0.3878482390625 0.740914246875 0.3784418859375 0.7275478703125 0.3702310921875 0.7169874109375 0.36792523906249996 0.6995600750000001 0.369265 0.6923147859375 0.37163906406249997 0.6876932578125 0.3749016625 0.6879015796875 0.37941875625 0.7105602906249999 0.4056405578125 0.7187053140625 0.41157496875 0.7288481078125 0.41335824531250004 0.745962446875 0.4094986515625 0.7499700484375 0.4094583375 0.7529863296875 0.40285715 0.748432259375 0.3878482390625
0 0.4650856734375 0.6736607218749999 0.466260171875 0.6767263906250001 0.4718599390625 0.6802743234374999 0.485161915625 0.6812217921875 0.4914933671875 0.679300521875 0.493060384375 0.6748764703125001 0.48658603125 0.6710323609375 0.47550322968750003 0.6702011921875 0.4650856734375 0.6736607218749999
0 0.3160767921875 0.6465750796874999 0.3062208265625 0.6478109515625 0.299810871875 0.651230165625 0.2987269421875 0.65492850625 0.3008676140625 0.656542753125 0.3051882125 0.6590222734375 0.312720328125 0.6596673578125001 0.32581398125 0.6560977343750001 0.329547840625 0.6527886140625 0.3297964375 0.648045125 0.326755009375 0.6466340140625 0.3160767921875 0.6465750796874999