0 0.5171434328125 0.3758935484375 0.49480833593750007 0.3831030921875 0.4896697703125 0.3865029265625 0.49139828281250003 0.3936408890625 0.502454834375 0.40118052187500003 0.5187545859375 0.4038239734375 0.5254398921875 0.403790234375 0.52951734375 0.40282230625000004 0.5306482140625 0.3993928375 0.5324940890625001 0.3857383375 0.5315402812500001 0.3738929484375 0.524854975 0.3739266875 0.5171434328125 0.3758935484375
0 0.6283574890625 0.384672834375 0.632173353125 0.3874457703125 0.63701545625 0.388285584375 0.6437530781249999 0.387503671875 0.653943015625 0.3819509609375 0.6543092359375 0.3767137484375 0.6497287218750001 0.3721330703125 0.6370281828125 0.3689894671875 0.625787184375 0.370458915625 0.6251942546875 0.378938209375 0.6283574890625 0.384672834375
0 0.2726520171875 0.5209420203125 0.273356965625 0.5172321578125 0.271366865625 0.5138350609375 0.2644823453125 0.510346321875 0.25781447968750004 0.5101306703125 0.25695257968749996 0.5160850515625001 0.2602452703125 0.5263397171875 0.2633313640625 0.5268061281249999 0.2726520171875 0.5209420203125
0 0.33567584687499996 0.5817364328125 0.339666103125 0.5820154578125 0.34968165 0.57895665625 0.3495173140625 0.5749353968750001 0.3409116640625 0.570574475 0.3364606078125 0.5705138375 0.33323500156249997 0.572042553125 0.3293393234375 0.5767823515625 0.33219870937499996 0.5804908453125 0.33567584687499996 0.5817364328125
0 0.37016144687499997 0.5473081609375 0.3660839953125 0.548276090625 0.36690834687499996 0.5556014375 0.371541178125 0.55943394375 0.3791132078125 0.5594622109375 0.38604265937500004 0.555936996875 0.3867301703125 0.5524765265625 0.37016144687499997 0.5473081609375
0 0.4367939140625 0.6456958734375 0.43627341093750005 0.6403966578125 0.42977993750000004 0.6376870953125 0.4181130171875 0.6388761484375001 0.414321975 0.6421196 0.41881529375 0.6479472328125 0.4240135625 0.6500650046875001 0.42979470312499995 0.6502186515624999 0.4367939140625 0.6456958734375
0 0.2841473671875 0.6751194640625 0.2862172796875 0.671003828125 0.2964246546875 0.665201725 0.29730399531249996 0.658997953125 0.29362764375 0.6542298890625 0.28926378124999996 0.6529222953125 0.271085946875 0.6516511781250001 0.270112028125 0.6528361265625 0.27164132812499997 0.6564516125 0.2841473671875 0.6751194640625
0 0.31973304062499996 0.7014158515625 0.323583784375 0.70369000625 0.33558943124999996 0.7040283015625 0.34055360625 0.703122378125 0.343814090625 0.7010948781249999 0.3423545484375 0.6964818296875 0.33860843906250004 0.6927113296875 0.33163672499999997 0.6904695453125 0.3249165421875 0.6910020671875 0.319090465625 0.697862371875 0.31973304062499996 0.7014158515625
0 0.29681506875 0.710589521875 0.3026485296875 0.7099949953125 0.306387253125 0.707499715625 0.307518125 0.7040702484375 0.3050846640625 0.700642146875 0.29669566718749996 0.6995543109375 0.288949246875 0.7020199546875 0.2859577328125 0.706572365625 0.2893651140625 0.7088155171875 0.29681506875 0.710589521875
0 0.6242098 0.5969004828125 0.6304691828125 0.59658635 0.6332688671875 0.5947772390625 0.6357472625 0.5911913875 0.6321232265625001 0.5856751515624999 0.628593771875 0.5851777359375 0.619377753125 0.5895455000000001 0.6181945640625 0.593723140625 0.6207152218750001 0.5959042859375 0.6242098 0.5969004828125
0 0.696016971875 0.6021723390625 0.6928088046875 0.603451665625 0.6925472187499999 0.6071925312500001 0.6972323671875 0.6102768640625 0.7016834249999999 0.6103375015625 0.7059003890625 0.60737444375 0.7039800453125 0.6029797828125 0.696016971875 0.6021723390625