0 0.6886832953125 0.517207509375 0.6848288296875 0.5055919656250001 0.683731625 0.49813448281249995 0.6840310625 0.49004295468750003 0.6800955484375 0.49063625625 0.676226828125 0.49350635781249996 0.671349465625 0.500255265625 0.6550393062500001 0.526514484375 0.6518527749999999 0.5376669234375 0.6522317703125 0.5422682203125 0.65531924375 0.5460377078125 0.6684774015625 0.5504064453125 0.6741307625 0.550147059375 0.6813773890625 0.544311453125 0.684121890625 0.538053484375 0.6886832953125 0.517207509375
0 0.74912391875 0.5429916296874999 0.7515472140624999 0.5357656984375 0.752949103125 0.5220025453125 0.755543865625 0.5095275609375001 0.7620794296875 0.50385573125 0.7669965703125 0.5034532375 0.769272025 0.50615935625 0.7761036375 0.5011486046875 0.77816970625 0.49838086718749997 0.780517203125 0.49023467812500005 0.7842523359375 0.48281098125 0.7830087812500001 0.46038387187499996 0.7788691296875 0.44237421250000003 0.7753846515625 0.43671650624999997 0.765032540625 0.4414957046875 0.7636268937499999 0.44348628906250004 0.762845646875 0.450125875 0.7633222078124999 0.46470692343750003 0.76075631875 0.468735796875 0.7537550984375 0.4746191046875 0.7433452 0.475764965625 0.73927085 0.484933778125 0.7351334640625 0.503598359375 0.7359942671875 0.5096516 0.740214965625 0.5154524140625 0.7416513859375 0.52116478125 0.7378982421875 0.5313015546875001 0.737514 0.5398293640625 0.7436131500000001 0.5464480734375 0.74912391875 0.5429916296874999
0 0.7987553703125 0.5313591453125001 0.7932318390625 0.5243995609375001 0.7884175124999999 0.5216526984375001 0.7826035484375 0.5214281046875 0.7757899453125 0.5237257796875 0.7713853859375 0.5332831671875 0.7706799390625 0.5408430125 0.7705320984374999 0.5507750609375 0.773365159375 0.5558533828125001 0.7776886734375 0.5585048390625 0.7863627156249999 0.559738140625 0.7921278968750001 0.5549728578125 0.8002675890625 0.5379917734374999 0.7987553703125 0.5313591453125001
0 0.802792984375 0.6140940765625 0.7968094109375 0.614742040625 0.79548856875 0.616296346875 0.793529071875 0.6276872953125 0.7947110796875 0.6347085 0.8026796734375001 0.6435016453125 0.8098054749999999 0.6435284718750001 0.8129252125 0.630099234375 0.8116764109375 0.6208012328125 0.8094099625 0.6167385765625 0.802792984375 0.6140940765625
0 0.439338659375 0.2853708171875 0.4393836859375 0.2785881234375 0.4257617296875 0.27005436562499996 0.42319584218750006 0.2740832375 0.420839340625 0.283585965625 0.40824254687500006 0.293361996875 0.406122446875 0.304268965625 0.406322828125 0.311099359375 0.409459084375 0.31985872031249996 0.412225353125 0.32266024375 0.41600926875 0.320226421875 0.42627282031249997 0.30411093437500003 0.43642455 0.292501340625 0.439338659375 0.2853708171875
0 0.4230570671875 0.430712253125 0.41781496249999994 0.418374215625 0.4117826078125 0.41403230312500006 0.402067659375 0.43387653281249994 0.398166675 0.4539453546875 0.39903648281250004 0.4586420578125 0.40243615781250003 0.46473604375 0.4057870484375 0.465840153125 0.4093255578125 0.46335862812500006 0.42116436406249996 0.4443799984375 0.42383306562499995 0.437201771875 0.4230570671875 0.430712253125
0 0.3877988203125 0.49811187187500006 0.3885260359375 0.499611515625 0.3994267484375 0.49856105937499995 0.41245656718749996 0.4852470953125 0.41489787343750006 0.4753080890625 0.4129128515625 0.4658669796875 0.40847751875 0.4677214171875 0.3905703359375 0.48778428749999997 0.3877988203125 0.49811187187500006
0 0.48447263906250004 0.6427714640625 0.479943496875 0.64641871875 0.477698815625 0.651415553125 0.47718098593749997 0.6553897640625 0.4790054046875 0.664346890625 0.4833957125 0.669275146875 0.48920067031250003 0.6708562796875001 0.4921725671875 0.6673590921875 0.4928600046875 0.6625123234375 0.49202621874999997 0.652389465625 0.48447263906250004 0.6427714640625
0 0.2622676078125 0.45605331875 0.26798400624999996 0.4462981640625 0.2721829375 0.44303948593750003 0.2772299078125 0.4354180203125 0.2806438359375 0.4270263609375 0.28636023437499997 0.41727120624999997 0.29650295937500004 0.40701815156250004 0.3028039796875 0.3955655828125 0.304566853125 0.3891168046875 0.3207922078125 0.36329386406249997 0.3229250703125 0.362802925 0.32631198281249996 0.35848088125 0.3260538140625 0.34801715 0.31922220156250003 0.3530279 0.318079971875 0.3523531109375 0.316986525 0.3566681953125 0.3144206375 0.36069706875 0.3096063109375 0.35795020625 0.30607680625 0.3590751921875 0.30314993437500004 0.3557896875 0.298960009375 0.3576918265625 0.2979115875 0.35522421875 0.295948334375 0.3548426 0.28005843750000003 0.367147859375 0.2770235046875 0.3801408171875 0.2721769140625 0.39459267656249997 0.26605450625 0.4038161484375 0.25739322656249997 0.41299887812499997 0.25522434375 0.418915971875 0.255018715625 0.4252146828125 0.25717334531249997 0.433783234375 0.2572041171875 0.44148618749999996 0.2557714546875 0.4475463875 0.2565654640625 0.45132283125 0.2554720171875 0.455637915625 0.2584836921875 0.45848714062499996 0.2622676078125 0.45605331875
0 0.24291046875000002 0.398411878125 0.2365839234375 0.3890323875 0.23298762499999998 0.3878805765625 0.229703528125 0.3890532640625 0.21995780625 0.40119453906249997 0.21827073125 0.4085635765625 0.21946174531249998 0.4142282421875 0.2227586046875 0.4234715828125 0.2305215703125 0.438563440625 0.23514452187499998 0.43312336875 0.24213297968749997 0.4168240328125 0.24397165156249997 0.411295515625 0.24492250625 0.4037833703125 0.24291046875000002 0.398411878125
0 0.2247909796875 0.6108577453125 0.2423176765625 0.61109525 0.2310702328125 0.5903456859375 0.20601094843749998 0.5279737578125 0.19864498749999998 0.514770121875 0.18785609375 0.511314684375 0.17914603125 0.5155075375 0.17426491093750002 0.5104838765624999 0.16913313593749998 0.5185416203125001 0.1650047546875 0.5358496640625 0.16871138125000001 0.5573972578124999 0.1731144515625 0.5727415421875001 0.182465434375 0.595386284375 0.1881405640625 0.6041863890625 0.1971087953125 0.6104572671875 0.20724627343750002 0.61333331875 0.2247909796875 0.6108577453125
0 0.40275652656250005 0.25607458437499997 0.40088708124999994 0.2539001484375 0.38004927187500004 0.2589049484375 0.3699027890625 0.25738543593749996 0.3676671125 0.26102573125 0.3714420234375 0.259948446875 0.3764079484375 0.264535828125 0.37586310312500004 0.2725796546875 0.37878096875 0.277221696875 0.3953132765625 0.2668523640625 0.40158728125 0.2594694109375 0.40275652656250005 0.25607458437499997
0 0.3729805421875 0.3489890484375 0.374765184375 0.35159976249999997 0.375510409375 0.35038633125 0.3785018078125 0.3192743921875 0.3747629171875 0.3149255203125 0.35938709375 0.3114840015625 0.354715359375 0.3119341953125 0.34960159375 0.3172788625 0.3484323484375 0.3206736890625 0.34898095156250003 0.32440242812500003 0.3475662984375 0.327749553125 0.3483513015625 0.33288253437500004 0.34702896875 0.3593385140625 0.3480773890625 0.361806121875 0.3523431140625 0.36082424375 0.3555026296875 0.3537414203125 0.362088834375 0.34868296718749997 0.3729805421875 0.3489890484375