0 0.2404281984375 0.6197601453125 0.23650434687500002 0.6261960828124999 0.232759675 0.635396346875 0.22963479062499997 0.6392758671875 0.22938462187500003 0.6428576828125 0.24412671874999997 0.66007679375 0.24740373437500002 0.6566839828125 0.252860165625 0.6478475625 0.25492012656249996 0.6405610703125 0.2567907546875 0.61733125625 0.25478036406250004 0.6123602 0.255710046875 0.6043790859375 0.255465509375 0.6043271078125 0.2404281984375 0.6197601453125
0 0.42483365937500006 0.5049240859374999 0.42488775624999997 0.509479321875 0.42714268281249995 0.51450235625 0.43118035781249997 0.513543096875 0.43280534218750005 0.51070788125 0.43793609218749996 0.494986634375 0.43800144999999996 0.492274284375 0.4367517171875 0.489736778125 0.43601810625 0.48958084375000005 0.430203315625 0.492888609375 0.425942521875 0.4997073 0.42483365937500006 0.5049240859374999
0 0.453112059375 0.5282010421875001 0.4641443734375 0.5123710906250001 0.46451962656249995 0.5069983687499999 0.462357103125 0.5015406 0.4606453453125 0.5011767546875 0.4583521078125 0.5011436875 0.4515208609375 0.5092335046875001 0.4497054359375 0.5165719765625 0.449873353125 0.5266038859375 0.453112059375 0.5282010421875001
0 0.5442970796875 0.3481130078125 0.5485195640625 0.3462842828125 0.5504217625 0.342144871875 0.5523949515625 0.33165931875 0.5518788296875 0.329277746875 0.55035188125 0.3280444359375 0.5486401234375 0.327680590625 0.54530338125 0.330151959375 0.5430315609374999 0.3360303 0.541612803125 0.343907459375 0.5442970796875 0.3481130078125
0 0.5517945625 0.5809828078125 0.55384889375 0.57733010625 0.5563111562499999 0.5669485109375 0.5557353078125 0.5636454953125 0.5555831765625 0.563158784375 0.5519748484375 0.563300559375 0.5475946015625001 0.568276365625 0.54571945 0.57469339375 0.548278640625 0.58068985 0.5517945625 0.5809828078125
0 0.5778799734375 0.55926501875 0.5811186796875 0.5608621734375 0.5850042234374999 0.5594162015624999 0.5882812390625001 0.556023390625 0.5917216484375001 0.5458497078125 0.5888525625 0.542513621875 0.587507609375 0.54222774375 0.5842660875 0.542447484375 0.5818150875 0.545561496875 0.5782552265625001 0.5538922953125 0.5778799734375 0.55926501875
0 0.6103549171875 0.5579890562500001 0.60986584375 0.5578851 0.608518075 0.5594161171875001 0.6022468890625 0.5612637515625 0.601143659375 0.5628467453125 0.5984751703125 0.568186396875 0.597735928125 0.57166425625 0.5984041812500001 0.5745325375 0.6022514140624999 0.578076534375 0.60567493125 0.5788042265625 0.6133536109375 0.5763470171875 0.6164784953125 0.572467496875 0.61957633125 0.5663103578124999 0.6192123406250001 0.56441549375 0.6156366921875 0.5632010937499999 0.6103549171875 0.5579890562500001
0 0.3504809671875 0.5372835359375 0.35243726249999996 0.537699359375 0.35644788906249997 0.5344624828125 0.3587794359375 0.5295055828125 0.35979589375 0.524723528125 0.35845375625 0.5226207546875 0.35674199687499997 0.522256909375 0.35503023906250003 0.5218930640624999 0.3518726765625 0.527128759375 0.34941604531250003 0.5338765640625 0.3504809671875 0.5372835359375
0 0.46564095468750005 0.5726665125 0.4625273328125 0.5692784515625 0.46154918437500003 0.5690705390625 0.45922326875 0.57039364375 0.45829921718750005 0.5747409671875 0.45824964531249995 0.5869985171875001 0.46195037812499995 0.5864220109375 0.4648036765625 0.5802128953125 0.46564095468750005 0.5726665125
0 0.4857864921875 0.55604739375 0.48854738593749997 0.550273009375 0.488645421875 0.5462044859375 0.48650994843750006 0.543024334375 0.4850427265625 0.5427124671875 0.4827168109375 0.5440355734375 0.4805047171875 0.5508353546875 0.4803469546875 0.5539824375 0.48214548749999997 0.5575453421875001 0.4857864921875 0.55604739375
0 0.38023553906249996 0.49589883749999997 0.38207238125 0.49447177499999995 0.38388780625 0.48713330624999995 0.3815077953125 0.4839011765625 0.380529646875 0.4836932640625 0.3787852109375 0.48468559375 0.3773123578125 0.48800751875000004 0.3762959 0.4927895734375 0.3776977640625 0.4958137890625 0.38023553906249996 0.49589883749999997
0 0.41017270781250004 0.4945378265625 0.40628716562499995 0.49598379843749996 0.40456414531249996 0.5028875375 0.408291925 0.5045886484375 0.40988422968749993 0.5031096078124999 0.4124929921875 0.49684851406249997 0.4111508546875 0.49474573906249997 0.41017270781250004 0.4945378265625
0 0.3837221015625 0.43620824062499997 0.3862057796875 0.431738053125 0.386706115625 0.42457442500000003 0.38408156718750003 0.42129031875 0.38334795625 0.421134384375 0.379674271875 0.42398850781249997 0.37820142031250004 0.42731043125 0.377304415625 0.433935371875 0.37949961718749997 0.43803696406250003 0.3837221015625 0.43620824062499997
0 0.39319036406249996 0.5022874578125001 0.3977227421875 0.49779836250000004 0.39929363125 0.4904079140625 0.3983211140625 0.4865662109375 0.39709842968750003 0.4863063203125 0.39437584531250003 0.4870907375 0.3921693828125 0.49025672968749995 0.3894028578125 0.49966490625000004 0.390712315625 0.5031238546875 0.39319036406249996 0.5022874578125001
0 0.11622467343750001 0.40206858749999996 0.1177031578125 0.39511287031250003 0.11676331874999998 0.3899149921875 0.11392128125 0.388856525 0.11376915000000001 0.3883698140625 0.11006278750000001 0.3925801125 0.10824736093750001 0.399918584375 0.10933933124999999 0.405603171875 0.11315951718749999 0.40686954999999997 0.11622467343750001 0.40206858749999996
0 0.565271140625 0.5861192109375 0.5646840296875 0.5900837796875 0.565259878125 0.5933867953124999 0.570395153125 0.59447833125 0.57367216875 0.5910855203125001 0.5771993531249999 0.5841108953124999 0.577661378125 0.581937234375 0.5769007203125 0.5795036828125 0.576167109375 0.5793477499999999 0.5723142453125 0.5794375453125 0.5678145453125001 0.5825704671875 0.565271140625 0.5861192109375
0 0.553772275 0.587310040625 0.550098590625 0.5901641640624999 0.54886464375 0.5971718578125 0.55179345625 0.601429384375 0.5553747359375001 0.59900999375 0.557679234375 0.5917754796875 0.5542613484375 0.587413996875 0.553772275 0.587310040625
0 0.55292031875 0.5648646453125 0.5516976328125 0.5646047546874999 0.55068680625 0.56575301875 0.5509910703124999 0.5667264390625 0.555088471875 0.566688621875 0.55292031875 0.5648646453125