0 0.48010913125 0.3763041546875 0.46085783906250005 0.38972882656249996 0.45693781875 0.394482475 0.4606777421875 0.40080317499999996 0.47345555 0.40478073906249995 0.48981595 0.4025430984375 0.4961992765625 0.40055623906250004 0.4998155671875 0.3984384734375 0.49989434531250004 0.394828221875 0.4976673734375 0.3812306765625 0.4932919875 0.370181740625 0.48690866093749996 0.3721686 0.48010913125 0.3763041546875
0 0.5890304765625001 0.3521839859375 0.593490334375 0.35372010625 0.598366396875 0.35310753125 0.604581009375 0.35038989374999996 0.6127022390625 0.34210056093749996 0.6115212453125001 0.3369851171875 0.605801615625 0.33394380468749996 0.5927369296875 0.33465084218749996 0.582416734375 0.33934263124999997 0.58432881875 0.3476247765625 0.5890304765625001 0.3521839859375
0 0.288708896875 0.5864970703125 0.2882983828125 0.5827432046875 0.2854020265625 0.58007639375 0.27779831875 0.578752934375 0.27135875625 0.5804962015624999 0.272275409375 0.5864423999999999 0.2784224 0.595286296875 0.2815100109375 0.594830040625 0.288708896875 0.5864970703125
0 0.3667534515625 0.626208671875 0.37065093125000004 0.6253088671875 0.3793345390625 0.6194554578125 0.37800168125 0.61565795625 0.368497046875 0.614003634375 0.3642227515625 0.6152470078125 0.36158504375 0.617652003125 0.3592453703125 0.6233236796875 0.3630640734375 0.6260341281249999 0.3667534515625 0.626208671875
0 0.3896663421875 0.5832021375 0.3860500515625 0.5853199046875 0.38898010625 0.592084153125 0.394531021875 0.5943946875 0.40178045312500005 0.592207871875 0.40737644843750004 0.58681071875 0.407022175 0.5833004453124999 0.3896663421875 0.5832021375
0 0.4821530703125 0.657809328125 0.4801059703125 0.6528938421875 0.47310403125 0.6522011828125 0.4622945453125 0.6567493578125 0.45961744531250004 0.6609594796875 0.46561826406250006 0.665218753125 0.4712085703125 0.6657241625 0.476782025 0.664180853125 0.4821530703125 0.657809328125
0 0.3447790765625 0.730576778125 0.3455552484375 0.7260357921875 0.3536202390625 0.717502865625 0.3526473484375 0.711313075 0.34773758906249996 0.7078282140625001 0.343182103125 0.7078536265625 0.325426915625 0.711952734375 0.3248419984375 0.7133706531249999 0.327361540625 0.7163810359375 0.3447790765625 0.730576778125
0 0.3864981453125 0.7453198953125 0.390845528125 0.7463688312500001 0.40242549375000003 0.7431822328125001 0.40690789218749995 0.7408645093749999 0.40943312499999995 0.7379723296875 0.40668863125000004 0.7339875765625 0.402003821875 0.7314770859374999 0.3946813046875 0.731371590625 0.38841045625000004 0.7338456343749999 0.384844709375 0.74210955625 0.3864981453125 0.7453198953125
0 0.3672637015625 0.7607932859375001 0.3726684453125 0.7585191984375 0.3755142546875 0.7550398546875 0.37559303437499997 0.751429603125 0.37226362343749997 0.74886276875 0.3639231328125 0.7502751703125 0.3572360796875 0.7548979109375 0.3557062765625 0.7601260390625 0.3596206046875 0.761274953125 0.3672637015625 0.7607932859375001
0 0.64711338125 0.5563509609375 0.6530074156250001 0.5542204875000001 0.655155834375 0.551671878125 0.656477534375 0.5475181 0.6513990609375 0.5433024609375 0.6478783953125 0.5438586953125 0.6403420828125 0.550730109375 0.64043201875 0.5550711390624999 0.643480240625 0.556420009375 0.64711338125 0.5563509609375
0 0.7173242640625 0.540398078125 0.7146303171875 0.54255948125 0.7154738843749999 0.5462133687499999 0.720856084375 0.547793125 0.72513038125 0.54654975 0.7282967703125001 0.54248324375 0.7251754625 0.5388420625 0.7173242640625 0.540398078125