0 0.46624999999999994 0.374222221875 0.47275 0.3728888890625 0.4805 0.36622222187500003 0.48224999999999996 0.36266666718749996 0.48324999999999996 0.35644444375 0.481 0.3293333328125 0.47375 0.3191111109375 0.46900000000000003 0.3168888890625 0.46675000000000005 0.3168888890625 0.45925000000000005 0.32444444375 0.45225 0.33555555625 0.44775 0.34888888906250004 0.4485 0.3551111109375 0.454 0.36355555625 0.4625 0.3728888890625 0.46624999999999994 0.374222221875
0 0.1105 0.50844444375 0.12475 0.508 0.13474999999999998 0.5053333328125 0.141 0.49955555625 0.14550000000000002 0.48755555624999997 0.15025 0.46666666718750005 0.14825 0.46266666718750005 0.14175 0.45599999999999996 0.1355 0.4511111109375 0.12150000000000001 0.43555555625000003 0.11850000000000001 0.434222221875 0.11074999999999999 0.4391111109375 0.10774999999999998 0.45199999999999996 0.1045 0.46044444375 0.10225 0.4631111109375 0.09825 0.46266666718750005 0.094 0.4648888890625 0.09175 0.470222221875 0.09175 0.484 0.095 0.502222221875 0.0995 0.5053333328125 0.1105 0.50844444375
0 0.446 0.30533333281249997 0.45375 0.3071111109375 0.46025 0.305777778125 0.46349999999999997 0.3008888890625 0.46449999999999997 0.2968888890625 0.4655 0.2853333328125 0.465 0.27555555625 0.462 0.264 0.457 0.2591111109375 0.4495 0.26 0.4445 0.264 0.438 0.27155555625 0.43425 0.281777778125 0.434 0.2866666671875 0.43574999999999997 0.29511111093750003 0.43925000000000003 0.3 0.446 0.30533333281249997
0 0.50875 0.3728888890625 0.51875 0.37555555625000003 0.526 0.37555555625000003 0.52825 0.37333333281250003 0.53225 0.36222222187500003 0.532 0.35155555625 0.5337500000000001 0.3351111109375 0.5335 0.32 0.5305 0.31644444374999997 0.5255 0.316 0.5157499999999999 0.3213333328125 0.51125 0.3288888890625 0.5035000000000001 0.35288888906250004 0.50275 0.356 0.5035000000000001 0.36355555625 0.505 0.368 0.50875 0.3728888890625
0 0.13525 0.35288888906250004 0.14025 0.3591111109375 0.14725 0.36444444374999996 0.15075 0.36355555625 0.15475 0.35955555625 0.1615 0.34888888906250004 0.162 0.32977777812500003 0.16425 0.31466666718749997 0.16399999999999998 0.30355555624999997 0.16499999999999998 0.3 0.1625 0.297777778125 0.16125 0.2928888890625 0.15775 0.29511111093750003 0.153 0.3 0.14525 0.312 0.1265 0.32444444375 0.11825000000000001 0.33199999999999996 0.11775 0.3351111109375 0.123 0.34888888906250004 0.12675 0.352 0.13525 0.35288888906250004
0 0.33849999999999997 0.2626666671875 0.34175 0.266222221875 0.34325 0.26577777812500003 0.356 0.256 0.35724999999999996 0.25155555625 0.35825 0.23777777812499998 0.35425 0.21555555625 0.34775 0.20711111093749998 0.34575 0.206222221875 0.34199999999999997 0.2 0.335 0.20088888906250002 0.3315 0.20355555625 0.32999999999999996 0.2066666671875 0.32925 0.2213333328125 0.331 0.23644444375 0.33425 0.24444444375000002 0.33849999999999997 0.2626666671875
0 0.41325 0.27377777812500004 0.41525 0.2728888890625 0.417 0.26888888906249997 0.41925 0.25555555625 0.41900000000000004 0.24755555624999998 0.414 0.2311111109375 0.41275000000000006 0.22977777812500003 0.40499999999999997 0.230222221875 0.40075000000000005 0.23333333281250002 0.3955 0.24177777812499998 0.3935 0.24844444375000002 0.3935 0.25555555625 0.3955 0.26088888906249996 0.4035 0.270222221875 0.41325 0.27377777812500004
0 0.529 0.2751111109375 0.5415 0.26755555625 0.54975 0.2551111109375 0.5535 0.25866666718750003 0.55725 0.25866666718750003 0.561 0.253777778125 0.56475 0.2448888890625 0.5662499999999999 0.2311111109375 0.5660000000000001 0.22000000000000003 0.56425 0.218222221875 0.5615 0.2186666671875 0.53825 0.2271111109375 0.5305 0.234222221875 0.523 0.248 0.5145 0.2573333328125 0.51425 0.264 0.5157499999999999 0.26844444375 0.5195000000000001 0.27244444375 0.529 0.2751111109375
0 0.49824999999999997 0.25644444375000003 0.5035000000000001 0.2528888890625 0.506 0.24933333281249997 0.50925 0.23777777812499998 0.50975 0.2288888890625 0.508 0.22400000000000003 0.5025000000000001 0.2231111109375 0.49450000000000005 0.2271111109375 0.48375 0.23866666718750001 0.483 0.24444444375000002 0.48624999999999996 0.252 0.49175 0.25555555625 0.49824999999999997 0.25644444375000003
0 0.649 0.25688888906249996 0.6545 0.25466666718750003 0.657 0.248 0.653 0.234222221875 0.6455 0.22799999999999998 0.64425 0.22400000000000003 0.64125 0.22000000000000003 0.6375 0.218222221875 0.63325 0.2191111109375 0.627 0.226222221875 0.6252500000000001 0.23777777812499998 0.6255 0.25466666718750003 0.63 0.2666666671875 0.64225 0.2653333328125 0.649 0.25688888906249996
0 0.69975 0.37555555625000003 0.70275 0.373777778125 0.70625 0.36755555625 0.7112499999999999 0.352 0.7122499999999999 0.346222221875 0.712 0.337777778125 0.71 0.334222221875 0.704 0.334222221875 0.6917500000000001 0.34711111093749997 0.6885 0.35244444375 0.687 0.3586666671875 0.6855 0.3688888890625 0.6865 0.37333333281250003 0.6917500000000001 0.37555555625000003 0.69975 0.37555555625000003
0 0.79325 0.597777778125 0.79725 0.5946666671874999 0.80375 0.5822222218750001 0.81075 0.56444444375 0.81175 0.55644444375 0.80725 0.5511111109375 0.8 0.5533333328125 0.78625 0.5671111109375 0.78425 0.57155555625 0.784 0.578222221875 0.7875 0.5871111109375 0.792 0.5933333328125 0.79325 0.597777778125
0 0.60225 0.706222221875 0.602 0.7026666671874999 0.59875 0.696 0.59525 0.69555555625 0.593 0.7008888890625 0.59275 0.7111111109375 0.59525 0.716 0.601 0.709777778125 0.60225 0.706222221875
0 0.6685 0.5066666671875 0.67225 0.498222221875 0.67225 0.49466666718749996 0.66425 0.4928888890625 0.659 0.49733333281250003 0.6597500000000001 0.508 0.66125 0.510222221875 0.665 0.5097777781249999 0.6685 0.5066666671875
0 0.404 0.22755555625 0.41475 0.22400000000000003 0.41775 0.21688888906249998 0.41875 0.2133333328125 0.41974999999999996 0.19244444375 0.41525 0.18844444375 0.40975 0.18755555625 0.404 0.1888888890625 0.39849999999999997 0.19244444375 0.39725 0.196 0.39675 0.20355555625 0.399 0.21644444375 0.40049999999999997 0.22177777812500002 0.404 0.22755555625
0 0.2165 0.3208888890625 0.22400000000000003 0.316 0.2285 0.309777778125 0.238 0.30133333281249997 0.24225 0.293777778125 0.24300000000000002 0.289777778125 0.23775 0.2831111109375 0.23700000000000002 0.284 0.22749999999999998 0.2791111109375 0.219 0.2791111109375 0.215 0.281777778125 0.21275 0.286222221875 0.2105 0.30044444375 0.21200000000000002 0.31155555625 0.21425 0.31955555625 0.2165 0.3208888890625
0 0.08225 0.57955555625 0.08325 0.5826666671875 0.08275 0.5848888890625 0.08925 0.5973333328125 0.092 0.6 0.0955 0.6 0.09875 0.596 0.10075 0.5813333328125 0.101 0.570222221875 0.09725 0.56044444375 0.09225 0.5528888890625 0.08499999999999999 0.54844444375 0.07875 0.549777778125 0.074 0.553777778125 0.07375000000000001 0.557777778125 0.07525 0.56044444375 0.0785 0.574222221875 0.08225 0.57955555625
0 0.54225 0.5671111109375 0.5429999999999999 0.5599999999999999 0.53975 0.550222221875 0.5365 0.5506666671875 0.53425 0.5568888890625 0.534 0.5613333328125 0.53575 0.56844444375 0.53975 0.570222221875 0.54225 0.5671111109375
0 0.77225 0.40088888906250003 0.77325 0.39155555625 0.772 0.3826666671875 0.7685 0.3786666671875 0.76375 0.38355555625000004 0.7625 0.3911111109375 0.76425 0.40088888906250003 0.76875 0.40444444375 0.77225 0.40088888906250003
0 0.30274999999999996 0.24177777812499998 0.31074999999999997 0.234222221875 0.312 0.22000000000000003 0.3105 0.2151111109375 0.30724999999999997 0.21288888906249998 0.2935 0.22977777812500003 0.2935 0.23155555625000002 0.29625 0.23333333281250002 0.29775 0.24177777812499998 0.30274999999999996 0.24177777812499998
0 0.6645 0.74044444375 0.666 0.738222221875 0.66625 0.730222221875 0.66875 0.72355555625 0.66875 0.7173333328125 0.66825 0.71555555625 0.66475 0.716 0.65625 0.7231111109375 0.647 0.7271111109375 0.64275 0.733777778125 0.6425 0.738222221875 0.644 0.746222221875 0.6485000000000001 0.746222221875 0.6645 0.74044444375