0 0.40991801250000004 0.8500721812500001 0.4199189203125 0.8295669609375 0.42249257343749996 0.8159575312499999 0.42187279999999994 0.8088734796875 0.41287400625000004 0.79493808125 0.4009862046875 0.78527071875 0.38955229375 0.7693176546875 0.385467940625 0.765659709375 0.377974378125 0.763192315625 0.374814215625 0.764361078125 0.3678296890625 0.7734488453125 0.36144852968749996 0.77222255625 0.3401682015625 0.818698559375 0.3329954640625 0.83137193125 0.3250701109375 0.8383112984375 0.31982892500000004 0.8472465437500001 0.31346417187500003 0.8634183640625 0.3120029203125 0.878268896875 0.3153567609375 0.8793139 0.3409978359375 0.8654709 0.349255178125 0.8651946203125 0.35586874687500003 0.8623852953125001 0.36722541875000003 0.8640685687499999 0.3897838046875 0.8522798390625 0.40991801250000004 0.8500721812500001
0 0.2390393875 0.689688259375 0.23747309218749998 0.69473285625 0.2331285265625 0.699574378125 0.2319828578125 0.703689890625 0.226282309375 0.713111465625 0.2246772796875 0.7177133109375 0.22548526406249997 0.72121175625 0.228058690625 0.7276787437500001 0.2331946078125 0.729013978125 0.24945477500000002 0.722683834375 0.2504288671875 0.7194756171875001 0.25000277187500003 0.7146053328125 0.2432399484375 0.6946744640625 0.2390393875 0.689688259375
0 0.3676102453125 0.6017033171875 0.364533025 0.6095569546874999 0.363962925 0.6145143953125001 0.3648096453125 0.618455596875 0.37267393437499996 0.6280288296875 0.3766199765625 0.6272374546874999 0.3812689609375 0.6201385890625 0.38139633281249996 0.6129891703125 0.37602253124999996 0.6031980484374999 0.37065419843749997 0.5992062953125 0.3676102453125 0.6017033171875
0 0.4295846296875 0.59583511875 0.42786339062499995 0.5991087015625001 0.4282949546875 0.6097783578125 0.427403803125 0.61967145 0.4277524265625 0.6236562296875 0.42919134999999997 0.62576105 0.436242184375 0.6260364671875001 0.43798005624999997 0.620084575 0.43802995625 0.61204965 0.4394025703125 0.6047912875 0.437482184375 0.6000517359375 0.4336468796875 0.5963720015625 0.4295846296875 0.59583511875
0 0.4289967671875 0.70385295 0.4247684078125 0.7100227328125001 0.4249288203125 0.7175931140625 0.42985989375000005 0.725192259375 0.434458978125 0.7261283187500001 0.44067972656250004 0.7197842265625 0.44236222812500003 0.7160678875 0.44277738437499997 0.7093394359375 0.43928523437500006 0.7038451109375 0.4289967671875 0.70385295
0 0.446955390625 0.7513574109375 0.45004901875 0.7609018812499999 0.45520703749999997 0.765358175 0.46156609531250004 0.7634634046875 0.4627505015625 0.7597906453125 0.4531153 0.741449503125 0.446219409375 0.7429451 0.446955390625 0.7513574109375
0 0.2858684921875 0.4705507265625 0.279072175 0.4760528921875 0.2772014625 0.48335483281249997 0.280582875 0.493320265625 0.28590130625 0.5053469453125 0.29051702343749997 0.50360469375 0.29340056406250004 0.49353729062499996 0.2938157203125 0.4868088359375 0.292310490625 0.47534083125000004 0.2907166234375 0.471464996875 0.2858684921875 0.4705507265625
0 0.34418118125 0.27940775156250003 0.341685225 0.273826271875 0.33809896875 0.2701247484375 0.331507496875 0.26936300156250004 0.3284635421875 0.27186002343750004 0.327068825 0.27599732499999996 0.3272679734375 0.2840104609375 0.328557421875 0.29014363906249996 0.333112075 0.304913990625 0.33598992031249997 0.309123634375 0.340472796875 0.30873143281250004 0.343228965625 0.305813446875 0.3468983875 0.2961234296875 0.3464889265625 0.288574834375 0.34418118125 0.27940775156250003
0 0.3162218734375 0.23233209531250001 0.313858759375 0.225400565625 0.31000682031250004 0.22439914062500002 0.3066971859375 0.22959626093750002 0.3056344578125 0.24039664843750003 0.30681316718749996 0.2510009359375 0.3086394484375 0.25753329062499997 0.31333810781250004 0.262475915625 0.3170738375 0.26214908124999997 0.31925443750000004 0.2583891671875 0.319902009375 0.25431723281249996 0.3185904578125 0.24506299375 0.3162218734375 0.23233209531250001
0 0.297045578125 0.193857009375 0.2932157421875 0.1959766453125 0.29029346562499997 0.205601296875 0.289618096875 0.22082921875 0.2904481828125 0.22744872656249998 0.2938129625 0.24009246874999998 0.2976649 0.24109389375 0.3033654484375 0.23167231875 0.3063264609375 0.2224904203125 0.3054134328125 0.209186034375 0.3009970890625 0.19886500468749999 0.297045578125 0.193857009375
0 0.2515460125 0.29911197343749996 0.2539865984375 0.306929009375 0.2590284109375 0.3100570453125 0.2636607609375 0.3056364875 0.2651108484375 0.2992636328125 0.2627422640625 0.28653273437500004 0.2561120546875 0.2853282328125 0.2543908171875 0.2886018171875 0.2515460125 0.29911197343749996
0 0.23109622343749997 0.312054653125 0.2323692640625 0.300789721875 0.2357675359375 0.2880004328125 0.23505365625 0.28270918125 0.233614734375 0.2806043609375 0.2305874140625 0.28042307499999997 0.221261875 0.285700375 0.21783603125 0.2895692359375 0.2141278734375 0.2988165015625 0.2090361609375 0.3037233890625 0.2025330984375 0.3154458859375 0.1945633140625 0.3362195484375 0.19347848437499998 0.3438988765625 0.19440267656250002 0.348725584375 0.211099875 0.3588644640625 0.2128265828125 0.36139025 0.2178462921875 0.36139722343749997 0.2217426609375 0.34856435625 0.2306311671875 0.32681803125000003 0.23183220625 0.3204669640625 0.23109622343749997 0.312054653125
0 0.5080346875 0.12141465625 0.5071658640625001 0.1143523921875 0.5048635875 0.11098467812499999 0.47321799843749995 0.096353765625 0.45932664218749997 0.095338390625 0.4495196390625 0.0979809609375 0.44888870000000003 0.09937458593750001 0.4499623671875 0.1001729375 0.4504271984375 0.1054859765625 0.45530290156250003 0.1153206765625 0.463454975 0.125314875 0.466814284375 0.1321592484375 0.47304597031249995 0.1374138921875 0.5012659421875 0.13583725 0.5050957781250001 0.133717615625 0.5080346875 0.12141465625
0 0.627101153125 0.194426271875 0.632851375 0.1970461875 0.63950915625 0.2071711171875 0.6457520062500001 0.2039480875 0.6500245687499999 0.204020428125 0.6566989828125 0.21146705 0.6647072765625001 0.211212559375 0.6672531328125 0.20875911249999998 0.66983225625 0.200949053125 0.66931205625 0.1978715703125 0.6704964609374999 0.1941988109375 0.6697659484375 0.19158587031250002 0.67181370625 0.189176003125 0.6724225421875001 0.18466131562500002 0.6759645937500001 0.182120715625 0.6772818390625 0.1770979078125 0.67919675625 0.1760380890625 0.6771934296875 0.16461366093750002 0.6779959437499999 0.162312740625 0.6517685875 0.14363865468749998 0.62664246875 0.134683353125 0.6179645015624999 0.13588871875 0.6103269328125001 0.1432490515625 0.5974759765625001 0.14838864375 0.5938231875 0.155400353125 0.595206740625 0.1597407296875 0.594941059375 0.1624408265625 0.6021689390625 0.1676083171875 0.606236659375 0.17394456875 0.607830525 0.177820403125 0.6090092359375 0.1884246921875 0.613209796875 0.1934108953125 0.6212401921875 0.19627746562499998 0.627101153125 0.194426271875
0 0.5348731875 0.422443253125 0.5334841640625 0.41230350781249997 0.527667634375 0.40032040625 0.5240647453125 0.39929719218750004 0.514872046875 0.4032244453125 0.5106657921875 0.41251528750000005 0.5109866171874999 0.42765605156250003 0.514982334375 0.4389061671875 0.5163492546875 0.445924853125 0.5202011921875 0.446926278125 0.5248556453125001 0.44562678125 0.5309214484375 0.437511675 0.534092775 0.42786523593750003 0.5348731875 0.422443253125
0 0.5652849234375 0.40862901718750005 0.5659434328125 0.4161558203125 0.5677863484375 0.420009865625 0.57305510625 0.4199950515625 0.5785840765625 0.411480771875 0.578274190625 0.4079387453125 0.5730165953124999 0.39947588125 0.5695299140625 0.39978092656249997 0.5652849234375 0.40862901718750005
0 0.671175265625 0.365458009375 0.669763915625 0.37227361875 0.6710809359375001 0.38732722656249996 0.6685405484375 0.39558004062499996 0.6661275343749999 0.3966834375 0.6714792328125 0.40335349843749996 0.6727133109375 0.4117222296875 0.6718720609375 0.4135804 0.67547495 0.4146036125 0.6842472484375001 0.3915290296875 0.6805559484375 0.37802156875000004 0.6813475265625 0.3641219078125 0.6776837984374999 0.35953488125 0.6739868046875 0.36030446718750003 0.671175265625 0.365458009375
0 0.8992011156249999 0.62256260625 0.899555434375 0.6122703390625001 0.8978066234375 0.6066234921875 0.8992899781249999 0.59489401875 0.89884725 0.5927020421875 0.8957978265625 0.5893996953125 0.887385540625 0.5879049625 0.8747836328125 0.5930227671875 0.8649932625 0.592987028125 0.8629842406250001 0.5958396484375 0.863354965625 0.6029454890625 0.8687342359375 0.61853598125 0.870798403125 0.633524221875 0.8725859484375 0.6396138234375 0.8790113140625 0.6470822359375 0.8843188078124999 0.6475101734375001 0.8911317578125001 0.6393297015625 0.8992011156249999 0.62256260625
0 0.8397914796875 0.4225348875 0.83710161875 0.43481605781250005 0.8345944984375 0.4377122546875 0.8349043859374999 0.44125428125 0.8379704421874999 0.44187832031249996 0.847849221875 0.45439830312499996 0.85271945625 0.45843363437500007 0.8570694921875001 0.45939148281250003 0.8580048484375 0.4557405125 0.8562893046875001 0.4447370484375 0.850970871875 0.432710371875 0.8434331046875 0.4240008546875 0.8397914796875 0.4225348875
0 0.79729324375 0.37851579218750003 0.7951791781249999 0.3715624734375 0.7880066671875 0.364159428125 0.775975084375 0.344243375 0.770208228125 0.344301765625 0.7688688796875 0.3462035125 0.7681659390625 0.35251100156250004 0.7698040109375001 0.362628959375 0.774795921875 0.37379191875 0.781758121875 0.3816595078125 0.78465806875 0.38899021093749997 0.7865950890625 0.391051453125 0.7895449375 0.39034723437499996 0.7963578874999999 0.3821667609375 0.79729324375 0.37851579218750003
0 0.8666691671875 0.6838534046875 0.8635810078124999 0.6801083046875 0.85731605625 0.6802102750000001 0.8476473625000001 0.687302165625 0.8420133484375001 0.686010509375 0.8404636875 0.6883767984375 0.8418914453124999 0.698959296875 0.8437177265625 0.7054916515625 0.8507685625000001 0.7057670671875 0.8543548171875001 0.709468590625 0.8577640265625 0.7082780390625001 0.8639793062500001 0.6961345750000001 0.86669126875 0.686974465625 0.8666691671875 0.6838534046875
0 0.8935226703125 0.6351052453125 0.8993726921875 0.6216553109375 0.8997103765625001 0.61404135 0.8983767234375 0.6016660500000001 0.8993287140625 0.5953367734375 0.8985594656250001 0.592281078125 0.8966224453124999 0.590219834375 0.8878836390625 0.5878613859375 0.8765269734375 0.59287024375 0.8649932625 0.592987028125 0.8629842406250001 0.5958396484375 0.863354965625 0.6029454890625 0.8695809562499999 0.6224771812500001 0.870798403125 0.633524221875 0.8725859484375 0.6396138234375 0.8792603625 0.6470604468750001 0.8845291203125001 0.6470456312499999 0.8875730734375 0.6445486093749999 0.8935226703125 0.6351052453125
0 0.1885946 0.5691818046875 0.1880853390625 0.577703059375 0.188882159375 0.589679184375 0.1953740578125 0.586434365625 0.198146859375 0.5808380703125 0.19808055156249998 0.5714748859375 0.1969073109375 0.5666699671875 0.193298953125 0.559847384375 0.1900059515625 0.5623661953125 0.1885946 0.5691818046875
0 0.1944628359375 0.412518646875 0.18968670625 0.4066905140625 0.18286281875 0.40327224843750004 0.180815059375 0.4056821140625 0.1791159234375 0.412076759375 0.179929378125 0.421374578125 0.1848991875 0.429416475 0.18865701875000002 0.432210703125 0.191645603125 0.4319492359375 0.1930624234375 0.4309329953125 0.19571901875 0.4240084421875 0.19576891875 0.4159735171875 0.1944628359375 0.412518646875