0 0.5599999999999999 0.374 0.561777778125 0.3685 0.558222221875 0.36375 0.5515555562500001 0.362 0.5466666671875 0.365 0.5466666671875 0.369 0.550222221875 0.37324999999999997 0.5555555562500001 0.37475 0.5599999999999999 0.374
0 0.43600000000000005 0.588 0.44444444375 0.5855 0.45066666718750004 0.58175 0.4533333328125 0.5785 0.45066666718750004 0.575 0.442222221875 0.56975 0.4306666671875 0.571 0.41822222187499997 0.576 0.41644444375 0.5782499999999999 0.42177777812499995 0.58475 0.43155555625 0.58825 0.43600000000000005 0.588
0 0.43555555625000003 0.5349999999999999 0.44488888906249996 0.52925 0.44666666718750003 0.52575 0.44577777812499997 0.51925 0.442222221875 0.51775 0.43555555625000003 0.51775 0.42488888906250005 0.522 0.41955555625 0.526 0.42133333281249996 0.533 0.42488888906250005 0.5349999999999999 0.43555555625000003 0.5349999999999999
0 0.324 0.585 0.321777778125 0.58175 0.309777778125 0.577 0.3066666671875 0.577 0.293777778125 0.58075 0.294222221875 0.585 0.29955555624999997 0.589 0.3066666671875 0.58875 0.324 0.585
0 0.4911111109375 0.75 0.49866666718749997 0.743 0.498222221875 0.73775 0.488 0.733 0.4808888890625 0.7344999999999999 0.478222221875 0.73725 0.477777778125 0.7434999999999999 0.48 0.74725 0.48444444375 0.75 0.4911111109375 0.75
0 0.488 0.8244999999999999 0.4911111109375 0.82025 0.4888888890625 0.80725 0.48666666718749996 0.80525 0.481777778125 0.80475 0.4773333328125 0.807 0.4768888890625 0.8087500000000001 0.47511111093749997 0.82125 0.48044444375 0.8255000000000001 0.48444444375 0.82575 0.488 0.8244999999999999
0 0.606222221875 0.6315000000000001 0.6066666671875 0.62675 0.601777778125 0.6235 0.5946666671874999 0.62275 0.5893333328125 0.6255 0.58844444375 0.62775 0.5906666671874999 0.63075 0.602222221875 0.634 0.606222221875 0.6315000000000001
0 0.497777778125 0.59175 0.493777778125 0.595 0.49466666718749996 0.602 0.50044444375 0.59875 0.50044444375 0.59275 0.497777778125 0.59175
0 0.446222221875 0.27575 0.44755555625000004 0.2725 0.44577777812499997 0.27125 0.434222221875 0.2705 0.430222221875 0.27175 0.42977777812499995 0.2765 0.43200000000000005 0.27949999999999997 0.4391111109375 0.27949999999999997 0.446222221875 0.27575
0 0.2831111109375 0.631 0.285777778125 0.63 0.28844444375 0.62675 0.2786666671875 0.623 0.25644444375000003 0.62275 0.2551111109375 0.6235 0.264 0.6287499999999999 0.27244444375 0.6315000000000001 0.2831111109375 0.631
0 0.609777778125 0.548 0.6066666671875 0.5495 0.6088888890625 0.5515 0.6128888890625 0.5505 0.6124444437500001 0.54875 0.609777778125 0.548