0 0.790882478125 0.32613314375 0.7833741046875 0.32507243125 0.7805741171875 0.331365703125 0.782536046875 0.34215473125 0.781911984375 0.3478032328125 0.779752053125 0.35174520781249996 0.7800996859375 0.353940071875 0.7816052421874999 0.35865144375 0.7871239203125 0.3663270765625 0.7940234203125 0.3715340859375 0.79815156875 0.3704302671875 0.80264166875 0.365219259375 0.8035669890625 0.36147282812500003 0.803518940625 0.3515807796875 0.81002991875 0.3415498515625 0.81131003125 0.3368472578125 0.8103126359375 0.325755615625 0.808073471875 0.3180105421875 0.812925521875 0.30869234843750004 0.81105546875 0.2936890640625 0.805150815625 0.28517459375 0.797465046875 0.2845919625 0.794533165625 0.286856265625 0.7964344031249999 0.3036545484375 0.7990595421875 0.31223845781250004 0.797880140625 0.31917502343750004 0.790882478125 0.32613314375
0 0.8761743359375 0.3756220703125 0.8793602984375 0.370167634375 0.8796598812499999 0.3624704484375 0.8781614828125001 0.35460805 0.8755987109375001 0.3496141390625 0.87157843125 0.3498009046875 0.8660934843750001 0.3583193703125 0.86597845625 0.36238745 0.8675847234375 0.36933279375 0.8725400296875 0.376647671875 0.8761743359375 0.3756220703125
0 0.890480396875 0.5043017015625 0.8946325703125 0.5081439078125001 0.8983149234375001 0.5170103546875 0.9017718328125 0.516462834375 0.907434175 0.5074662859375 0.9095772421874999 0.4954272609375 0.9090736906249999 0.48425740156249997 0.9020111140625 0.4732264234375 0.89410960625 0.47447789843750005 0.8906455390625 0.47817644687499994 0.8887637125 0.4838743109375 0.8871216499999999 0.49268409375 0.8879871500000001 0.49974676406249996 0.890480396875 0.5043017015625
0 0.57897734375 0.31784706093750004 0.58286573125 0.313631325 0.58474755625 0.307933459375 0.583958740625 0.29815873593750003 0.5814654953125 0.2936037984375 0.5789650921875 0.292199884375 0.57529244375 0.2945815140625 0.5729024546875 0.30665964687499997 0.573242928125 0.31200553593749997 0.5746094328125 0.3158389640625 0.57897734375 0.31784706093750004
0 0.734680959375 0.18383979687500002 0.7330746921875 0.17689445312500002 0.7286372546875 0.1744473828125 0.721932015625 0.1768593421875 0.7207214296875 0.1820009078125 0.722327696875 0.18894625468749998 0.727537084375 0.193070996875 0.7335710843750001 0.1912153375 0.734680959375 0.18383979687500002
0 0.60243129375 0.424378521875 0.6011174515625 0.41288701874999995 0.591283521875 0.395545209375 0.584168284375 0.39217230937499997 0.5798627390625 0.393754209375 0.58041895 0.3972659890625 0.5901066671875 0.416880878125 0.5999477546875001 0.43107166093749993 0.60243129375 0.424378521875
0 0.5710936671875 0.419892240625 0.5716018296875001 0.4135119734375 0.570242484375 0.4065275203125 0.5646542796875 0.3984129140625 0.5591908109375 0.3974783046875 0.5541685234375 0.40412355624999996 0.5538377578125 0.41002574375 0.5602290953125 0.42161302031250003 0.5675217296875 0.424507840625 0.5710936671875 0.419892240625
0 0.3488766625 0.3097429625 0.3503919265625 0.3257024109375 0.351480325 0.3277799484375 0.3585715390625 0.326206825 0.36589535624999997 0.3308966453125 0.369738240625 0.3311879609375 0.3729073375 0.317636475 0.37253568125 0.3104955875 0.3709605984375 0.30534524375 0.3639292046875 0.2961092609375 0.3590674484375 0.2941793828125 0.3574852046875 0.2921800609375 0.3576697609375 0.28855095468749997 0.3556632 0.287068825 0.35519337968750003 0.2920930671875 0.3488766625 0.3097429625
0 0.384657925 0.22082863437500003 0.3889036484375 0.2300558375 0.3918595546875 0.23273755937499999 0.395771965625 0.233467846875 0.4002932484375 0.230051840625 0.40249868125 0.22160281406250001 0.40244347343750003 0.21486178906250003 0.401014603125 0.2074383640625 0.39855969999999996 0.20152739843749998 0.3941294203125 0.195929303125 0.39028653593749996 0.1956379875 0.3874937078125 0.1987802359375 0.38440845625 0.20646864374999999 0.3835455015625 0.21380507343750002 0.384657925 0.22082863437500003
0 0.18518053750000002 0.45401580468749997 0.188599103125 0.4548243125 0.19488002499999998 0.45292954218750003 0.19590605625 0.45141708124999996 0.19436931562499998 0.4449107109375 0.1856237859375 0.4296464390625 0.1815027953125 0.42759923281249995 0.17701985468749998 0.4296592140625 0.1766890890625 0.4355614015625 0.17825701249999998 0.443862771875 0.18032594062500001 0.44893489999999997 0.18518053750000002 0.45401580468749997
0 0.1996542875 0.57096928125 0.1986809171875 0.564823665625 0.195269509375 0.5608641328124999 0.1916663890625 0.5636847359375 0.189815746875 0.5711776000000001 0.191105565625 0.5777230796875 0.19466318437500002 0.5794095312499999 0.19840535937499998 0.577466875 0.1996542875 0.57096928125
0 0.162538325 0.48685097187500004 0.166635290625 0.48395215468749997 0.16830137812499998 0.4800883953125 0.1691643328125 0.472751965625 0.1681214359375 0.4661673765625 0.16524221562500002 0.4607736015625 0.1613298046875 0.46004331406250004 0.15273558125 0.47130416249999996 0.1522657609375 0.47632840468750004 0.1531767640625 0.4788840234375 0.15841733593750001 0.48480376718749996 0.162538325 0.48685097187500004