0 0.655201078125 0.5328204484375 0.650469153125 0.5332344375 0.647928765625 0.5414872515625 0.64723129375 0.5535941109375 0.647983909375 0.5593281140624999 0.653911178125 0.566840103125 0.65747533125 0.567420565625 0.660729596875 0.564459 0.6657937375 0.55063168125 0.6625839015625 0.5397589515625 0.6605306734374999 0.5363694484375 0.655201078125 0.5328204484375
0 0.6132718125000001 0.58422599375 0.6167530250000001 0.5781215796875 0.6192934109375 0.569868765625 0.6183250140625 0.5587999359375 0.61404698125 0.5529282249999999 0.6081030796875 0.5480945421875 0.6001888921874999 0.546556234375 0.5963590562500001 0.5486758703125 0.5933426749999999 0.5600933234375 0.593425615625 0.5667782 0.5909959671875 0.570559903125 0.590198921875 0.57866019375 0.5863412890624999 0.5919358156250001 0.5876473703125 0.5953906859375 0.5890475578125 0.5970527531250001 0.59402853125 0.5966169734375 0.59887119375 0.591731875 0.6046546828125 0.588995175 0.6082188359375 0.5895756359375001 0.6108476328125 0.5938070671875 0.6132718125000001 0.58422599375
0 0.568122 0.5930836546875 0.5709501718750001 0.5852518046874999 0.575637890625 0.5785956921875 0.5797224703125 0.5621772203125001 0.5912894468750001 0.55670381875 0.5915829265625 0.5428477375 0.5885501375 0.5368670812499999 0.581604571875 0.5263211859375 0.5737070171875 0.52210456875 0.570834640625 0.523694296875 0.569113403125 0.5269678796874999 0.5681115125 0.5413320828125 0.5652612390625 0.546042871875 0.560125321875 0.5447076375 0.556267915625 0.5379068421875 0.5525100828125 0.535112615625 0.5499421250000001 0.5344449984375 0.5467653296874999 0.5382920671875 0.5440367328125 0.5501304859375 0.5447007125 0.563456659375 0.545049334375 0.5674414375 0.5479271812500001 0.57165108125 0.5496372546875 0.576855175 0.5506056515625 0.5879240046875001 0.5497919718750001 0.5987026046875 0.5504283796875 0.603108346875 0.5520056125 0.6096624890625 0.554634409375 0.6138939203125 0.5571082625 0.6163543390624999 0.5601522171875 0.6138573171874999 0.5616410390625 0.6079272140625 0.5671700109375 0.5994129328125 0.568122 0.5930836546875
0 0.5119263125 0.5301865328125 0.510177503125 0.5245396859375 0.5062093578125 0.5222100015625 0.500503340625 0.5258322078125001 0.4956274109375 0.536073925 0.4962859203125 0.543600728125 0.4986103 0.5500895046875 0.5026005484375 0.5555402515625001 0.506242171875 0.5570062171875 0.510398528125 0.5557502984375 0.5119260875 0.55026295 0.5127785031250001 0.5399271031249999 0.5119263125 0.5301865328125
0 0.4642433890625 0.3924850453125 0.459987459375 0.3897343953125 0.456080153125 0.390968525 0.4542814421875 0.393356603125 0.451098953125 0.41148072031250005 0.45316311875000004 0.4264689625 0.4564283234375 0.43510613749999993 0.46174128750000004 0.44133344374999994 0.46879212187499997 0.44160886093749996 0.47030304687499996 0.43879981875 0.47039737812500004 0.41693060156249995 0.467735540625 0.39797937031249997 0.4642433890625 0.3924850453125
0 0.43679700625000006 0.503298834375 0.44313942968750003 0.5040823703124999 0.4472183140625 0.5019409453125 0.45022353125 0.499001171875 0.452171715625 0.4925847359375 0.44452320937499995 0.48834633125 0.44152915625 0.48280842812499997 0.44108095937499997 0.47481708281249996 0.4417451640625 0.46806683906249996 0.4432560890625 0.465257796875 0.4436104078125 0.4549655296875 0.44237632812500005 0.44659679687500003 0.43846355312499996 0.44203155625 0.43072641093749997 0.445385321875 0.4199398453125 0.44543673906250003 0.41337047499999996 0.447796053125 0.4087048578125 0.45757322812499995 0.41015471875 0.4712767875 0.416430609375 0.48277355625 0.4208581171875 0.48461691093750003 0.425949828125 0.4797100203125 0.4291541953125 0.4847833828125 0.43021669687499997 0.494059409375 0.43357600625000003 0.5009037828125 0.43679700625000006 0.503298834375
0 0.46610158281249997 0.51411928125 0.4641645625 0.5120580375 0.460600409375 0.5114775765624999 0.45374325468750004 0.513415925 0.451446446875 0.5158475828125 0.45043908750000006 0.5244124140624999 0.45144622031250004 0.5359239984374999 0.45751179999999997 0.547885309375 0.46048375 0.55030215 0.4641420078125 0.5490898093750001 0.46732996718750003 0.5367650609375 0.46843143125 0.5264074265625001 0.46825438437500005 0.5215153515625001 0.46610158281249997 0.51411928125
0 0.4103639015625 0.571194328125 0.41476383749999995 0.56411725 0.41724338593750004 0.5523006234375 0.4170829734375 0.5447302406250001 0.41343587812499993 0.537464903125 0.410463928125 0.5350480625 0.4066894625 0.5349321437500001 0.40347393125000003 0.5383364609375 0.39812200781249996 0.551742815625 0.39275914375 0.5535504328124999 0.38729670625 0.5513514796875 0.386123465625 0.5465465609375 0.3833230921875 0.5432224265625 0.3802791390625 0.5457194484375 0.3772572875 0.55133753125 0.3786517796875 0.5672766453125 0.37986375625 0.57252431875 0.38278033749999996 0.5771767140625 0.389720434375 0.581923240625 0.39420330937500003 0.5815310390625 0.4021673984375 0.5750344234375 0.40686058750000004 0.57417768125 0.4103639015625 0.571194328125
0 0.36806960625 0.6012169859375 0.368152546875 0.6079018625 0.372994984375 0.6230931796875 0.3765204015625 0.6232308875 0.379752565625 0.6171482609375001 0.3813133921875 0.6063042953125 0.378966909375 0.596694459375 0.37373141875 0.59135265625 0.36806960625 0.6012169859375
0 0.49694330156250005 0.651509615625 0.49139222812499994 0.6569028359375 0.4916134796875 0.6680370328125 0.49606855781250003 0.6788008171875 0.501071634375 0.6814861 0.5038665390625 0.6790108671875 0.5065231328124999 0.6720863125000001 0.506534296875 0.663608634375 0.5011217593749999 0.6533747578125 0.49694330156250005 0.651509615625
0 0.45572859374999997 0.6479771609375 0.45204823281250006 0.6460684390625 0.44456013906249997 0.649400415625 0.441405446875 0.6563685484375 0.441798275 0.66659545 0.44360245468750004 0.670006740625 0.44732155156250003 0.672358215625 0.4542949140625 0.6717481249999999 0.4582742234375 0.6656001328125 0.459303684375 0.6601563609375 0.45806960625000004 0.651787628125 0.45572859374999997 0.6479771609375
0 0.46162236874999996 0.6809221828124999 0.459364296875 0.6837965921875 0.45830156874999994 0.6945969796875 0.45909292031250004 0.7007737359374999 0.4639077859375 0.707044621875 0.46751067500000004 0.7080678359375 0.46902160000000004 0.7052587953125 0.47054915937499997 0.69977144375 0.470178434375 0.6926656046875 0.46514778593750006 0.681059890625 0.46162236874999996 0.6809221828124999
0 0.2756121609375 0.565584034375 0.27613783125 0.5744608875 0.27899904375 0.5813488375 0.282983821875 0.5810002140625 0.287245446875 0.5694738171875 0.28685261875 0.5592469140625 0.283725725 0.5550590609375 0.278401596875 0.55730943125 0.2756121609375 0.565584034375
0 0.24000913906250002 0.5802985890625 0.23729170625 0.5836593296875 0.235188578125 0.5883047515625 0.23552056875 0.5949678390625001 0.238149365625 0.5991992703125 0.24591407968749998 0.604765934375 0.249284553125 0.60313263125 0.25149841875 0.5940160999999999 0.248598471875 0.5866853953125 0.243246771875 0.5800153328125 0.24000913906250002 0.5802985890625
0 0.3672859828125 0.400075434375 0.3642641328125 0.40569351718749996 0.3643249703125 0.4092573328125 0.366206621875 0.41355413125 0.365940940625 0.416254228125 0.36774511875 0.41966551875 0.3724604109375 0.4219298375 0.3746631125 0.421290984375 0.3773584421875 0.41480918281249995 0.3791683171875 0.4039434296875 0.374469659375 0.3990008015625 0.3672859828125 0.400075434375
0 0.4366930921875 0.393110815625 0.4365436171875 0.39713917187500003 0.44394307499999996 0.4013993671875 0.44606830625000005 0.3998750078125 0.44611820625 0.3918400828125 0.44400413906249997 0.3848867640625 0.44264268749999996 0.38366745 0.43904526875 0.3884436046875 0.4366930921875 0.393110815625
0 0.5533666125 0.6510346359375 0.553449553125 0.6577195125 0.5581536796875 0.6684615093749999 0.5628856046874999 0.66804751875 0.5650108359375 0.666523159375 0.565774615625 0.663779484375 0.5613361703125 0.6503373906250001 0.55617815 0.6458810953125 0.5533666125 0.6510346359375