0 0.3325 0.258222221875 0.33275 0.261777778125 0.33125 0.2653333328125 0.3305 0.2706666671875 0.33125 0.27955555625 0.33599999999999997 0.292 0.33975 0.3071111109375 0.34175 0.3111111109375 0.34900000000000003 0.32 0.353 0.3288888890625 0.35575 0.35155555625 0.36275 0.354222221875 0.36475 0.352 0.36575 0.34844444375 0.36625 0.3346666671875 0.3655 0.33155555625 0.36575 0.32799999999999996 0.36225 0.3208888890625 0.37575 0.3071111109375 0.3715 0.30355555624999997 0.373 0.3 0.3725 0.296 0.37475 0.29333333281249996 0.3745 0.29155555624999996 0.3725 0.289777778125 0.3735 0.286222221875 0.36575 0.28355555625 0.37374999999999997 0.2711111109375 0.374 0.266222221875 0.3705 0.26088888906249996 0.35575 0.24933333281249997 0.34325 0.24355555624999997 0.3419375 0.24355555624999997 0.33799999999999997 0.24355555624999997 0.335 0.2471111109375 0.33475 0.25155555625 0.3325 0.258222221875
0 0.3355 0.1506666671875 0.3355 0.1586666671875 0.33725 0.1808888890625 0.34049999999999997 0.1866666671875 0.352 0.1946666671875 0.3625 0.198222221875 0.36625 0.197777778125 0.36924999999999997 0.1933333328125 0.37 0.18622222187499998 0.368 0.169777778125 0.3665 0.14755555625 0.36275 0.13955555625 0.35575 0.1351111109375 0.35525 0.1351111109375 0.34325 0.137777778125 0.339 0.1408888890625 0.337 0.1453333328125 0.3355 0.1506666671875
0 0.30325 0.31422222187500004 0.305 0.3168888890625 0.30474999999999997 0.3253333328125 0.30375 0.32799999999999996 0.30474999999999997 0.33155555625 0.29925 0.338222221875 0.30175 0.342222221875 0.3 0.3453333328125 0.3 0.34844444375 0.298 0.35111111093749997 0.29725 0.358222221875 0.29775 0.3693333328125 0.29700000000000004 0.372 0.29575 0.3728888890625 0.2975 0.37644444374999997 0.29700000000000004 0.38 0.3 0.38355555625000004 0.29975 0.3871111109375 0.30074999999999996 0.390222221875 0.298 0.392 0.2975 0.39644444375 0.30025 0.39644444375 0.30074999999999996 0.39911111093749996 0.29925 0.40222222187499995 0.29674999999999996 0.40222222187499995 0.29575 0.40444444375 0.30474999999999997 0.41511111093749997 0.30724999999999997 0.426222221875 0.3105 0.43244444375 0.3135 0.4311111109375 0.31725 0.4271111109375 0.3315 0.4271111109375 0.3445 0.43155555625 0.35225 0.42844444375 0.359 0.4106666671875 0.359 0.4066666671875 0.35724999999999996 0.4 0.35325 0.39244444375 0.35275 0.389777778125 0.35025 0.386222221875 0.34900000000000003 0.38177777812499997 0.34575 0.37955555625000004 0.34525 0.37644444374999997 0.344 0.37466666718749997 0.3435 0.369777778125 0.3395 0.365777778125 0.33925 0.3591111109375 0.33825 0.356 0.335 0.350222221875 0.33325 0.349777778125 0.331 0.3466666671875 0.3285 0.3373333328125 0.32675 0.3351111109375 0.3265 0.33199999999999996 0.3235 0.32844444375 0.32 0.3213333328125 0.31825000000000003 0.31422222187500004 0.30724999999999997 0.30044444375 0.306 0.30044444375 0.306 0.3048888890625 0.303 0.3071111109375 0.3045 0.31022222187500004 0.30325 0.31422222187500004
0 0.11674999999999999 0.41644444375 0.12050000000000001 0.41733333281249996 0.13325 0.41422222187499996 0.13899999999999998 0.40800000000000003 0.13974999999999999 0.404 0.14750000000000002 0.390222221875 0.14725 0.3866666671875 0.144 0.3826666671875 0.12725 0.37333333281250003 0.12625 0.37333333281250003 0.11875 0.3871111109375 0.1155 0.40711111093749996 0.11574999999999999 0.4146666671875 0.11674999999999999 0.41644444375
0 0.2685 0.577777778125 0.26925 0.5848888890625 0.27075 0.59155555625 0.2725 0.594222221875 0.27975 0.5951111109375 0.28375 0.5928888890625 0.2905 0.5866666671874999 0.29375 0.577777778125 0.2945 0.56755555625 0.29375 0.5586666671875 0.2895 0.5559999999999999 0.28625 0.56044444375 0.28475 0.554222221875 0.28300000000000003 0.55244444375 0.282 0.55244444375 0.27599999999999997 0.5559999999999999 0.27025 0.564 0.26875 0.568 0.2685 0.577777778125
0 0.50725 0.810222221875 0.50725 0.82355555625 0.50875 0.8275555562499999 0.50875 0.83155555625 0.51025 0.8351111109374999 0.50975 0.8386666671875 0.5125 0.8453333328125 0.5225 0.8533333328125 0.52925 0.854222221875 0.53625 0.8506666671875 0.5425 0.8453333328125 0.55225 0.8417777781250001 0.5549999999999999 0.8391111109375 0.5545 0.8346666671875 0.55 0.8266666671875 0.5467500000000001 0.82355555625 0.5405 0.8213333328125 0.5335 0.82355555625 0.52925 0.821777778125 0.526 0.813777778125 0.5255 0.8066666671875 0.5225 0.796 0.522 0.796 0.5157499999999999 0.7977777781250001 0.5117499999999999 0.80044444375 0.509 0.8039999999999999 0.50725 0.810222221875
0 0.51 0.345777778125 0.51125 0.350222221875 0.519 0.36266666718749996 0.5255 0.36222222187500003 0.5309999999999999 0.3453333328125 0.53075 0.33644444375 0.5295 0.33199999999999996 0.5269999999999999 0.32755555625 0.52275 0.3253333328125 0.5225 0.3248888890625 0.5157499999999999 0.3288888890625 0.5115000000000001 0.3351111109375 0.51025 0.34044444375 0.51 0.345777778125
0 0.37324999999999997 0.80044444375 0.3745 0.8071111109375 0.38075000000000003 0.8106666671875 0.3865 0.810222221875 0.3975 0.7968888890625 0.39775 0.7928888890625 0.39475 0.778222221875 0.39049999999999996 0.7728888890625 0.3895 0.7728888890625 0.38525 0.7746666671875 0.3745 0.788 0.373 0.792 0.37324999999999997 0.80044444375
0 0.38625 0.59155555625 0.39049999999999996 0.5986666671875 0.394 0.59955555625 0.39725 0.597777778125 0.40025000000000005 0.592 0.40149999999999997 0.5848888890625 0.40125 0.577777778125 0.399 0.573777778125 0.39075000000000004 0.57155555625 0.39049999999999996 0.5711111109375 0.38825 0.5728888890625 0.38575 0.578222221875 0.3855 0.5866666671874999 0.38625 0.59155555625
0 0.47675 0.72355555625 0.48075 0.732 0.48775 0.7324444437500001 0.4925 0.7271111109375 0.497 0.709777778125 0.4965 0.6968888890625 0.49474999999999997 0.69244444375 0.49375 0.69244444375 0.48575 0.696 0.47925000000000006 0.7053333328125 0.47675 0.71644444375 0.47675 0.72355555625
0 0.26225 0.3191111109375 0.2585 0.31644444374999997 0.25575000000000003 0.31822222187500004 0.251 0.31644444374999997 0.246 0.31955555625 0.244 0.324 0.24425 0.33555555625 0.25 0.34711111093749997 0.2515 0.352 0.25675 0.35955555625 0.2615 0.361777778125 0.26575000000000004 0.3613333328125 0.27225 0.35155555625 0.27375 0.3466666671875 0.27525 0.3346666671875 0.2745 0.32844444375 0.2705 0.3191111109375 0.268 0.317777778125 0.2685 0.3151111109375 0.27075 0.31555555625 0.27175 0.31822222187500004 0.273 0.3173333328125 0.2725 0.31422222187500004 0.27075 0.3133333328125 0.26949999999999996 0.31066666718749997 0.271 0.30755555625 0.27 0.30622222187500003 0.26825 0.30622222187500003 0.2645 0.31066666718749997 0.26775000000000004 0.31422222187500004 0.26475 0.31555555625 0.26225 0.3191111109375
0 0.41325 0.8035555562500001 0.41550000000000004 0.8088888890625 0.41925 0.8226666671875 0.42074999999999996 0.82444444375 0.42575 0.826222221875 0.43075 0.82 0.43274999999999997 0.8111111109375001 0.43324999999999997 0.8026666671875 0.43200000000000005 0.7973333328125001 0.42925 0.79244444375 0.4255 0.7888888890625 0.42416675000000004 0.7888888890625 0.4215 0.7888888890625 0.41900000000000004 0.7906666671875 0.414 0.8 0.41325 0.8035555562500001