0 0.20596312343749998 0.44238448437500005 0.2032169484375 0.4458071875 0.2036092578125 0.44808899062499996 0.20557081250000003 0.44951511718750004 0.21263240468750003 0.44951511718750004 0.2255786578125 0.45151169375 0.22950176562500002 0.45122646875 0.23146331875 0.4498003421875 0.23303256249999998 0.4244152875 0.23264025156249998 0.41785510625000005 0.23146331875 0.41500285156250005 0.22950176562500002 0.4141471765625 0.22597096875 0.4141471765625 0.2200863078125 0.41585852812499996 0.2161632015625 0.41842555625 0.2098862296875 0.426697090625 0.20596312343749998 0.44238448437500005
0 0.15457042031249998 0.4877353109375 0.1577089046875 0.4877353109375 0.16673205156249998 0.48488305781249996 0.1710474703125 0.480889903125 0.1584935265625 0.47375927031250004 0.1577089046875 0.47318881875 0.154178109375 0.4746149453125 0.15221655625 0.480319453125 0.152608865625 0.48459783281249996 0.15457042031249998 0.4877353109375
0 0.271871321875 0.49515116875 0.2757944296875 0.49458071875 0.28364064375 0.4900171140625 0.284817575 0.4874500859375 0.2832483328125 0.48459783281249996 0.279325225 0.48345693125 0.2757944296875 0.48345693125 0.2722636328125 0.48431260624999994 0.26873283593749997 0.4874500859375 0.268340525 0.4925841421875 0.271871321875 0.49515116875
0 0.19576304375 0.51682829375 0.19850921875 0.51597261875 0.19850921875 0.5114090124999999 0.19576304375 0.508556759375 0.1906630046875 0.5071306328125 0.18830914062499998 0.5071306328125 0.1851706546875 0.508556759375 0.18556296562500002 0.513690815625 0.18830914062499998 0.5154021671875 0.19576304375 0.51682829375
0 0.1577089046875 0.519680546875 0.1647704984375 0.5213919 0.1683012953125 0.519110096875 0.1698705375 0.5154021671875 0.1694782265625 0.513405590625 0.1671243625 0.5105533375 0.1616320125 0.5088419859375 0.1612397015625 0.5088419859375 0.15496273124999999 0.5108385625 0.1530011765625 0.5122646890625 0.15221655625 0.5154021671875 0.1577089046875 0.519680546875
0 0.32797175312500004 0.6018254421875 0.33150255 0.60268111875 0.33817183281249996 0.6018254421875 0.341702628125 0.5964061609375 0.3413103171875 0.5935539078125001 0.33934876406250003 0.59184255625 0.3330717921875 0.5904164296875 0.3299333078125 0.5904164296875 0.32797175312500004 0.5909868796875 0.32287171406250004 0.595550484375 0.3244409578125 0.5989731890625001 0.32797175312500004 0.6018254421875
0 0.2153785796875 0.6674272671875 0.2142016484375 0.6637193375 0.21106316249999998 0.6620079859375 0.2098862296875 0.6611523109374999 0.20792467656250002 0.6731317734375 0.2098862296875 0.681403309375 0.2134170265625 0.6856816890624999 0.2153785796875 0.6674272671875
0 0.30011769374999997 0.38648031875 0.3024715578125 0.3873359953125 0.3107100828125 0.3876212203125 0.3146331890625 0.383628065625 0.3150255 0.3799201375 0.3134562578125 0.378208784375 0.306002353125 0.37649743281250003 0.3024715578125 0.37649743281250003 0.29933307187499997 0.377353109375 0.2969792078125 0.37934968593749996 0.29737151875 0.383628065625 0.30011769374999997 0.38648031875
0 0.2063554328125 0.3137478609375 0.2091016078125 0.312892184375 0.21067085156249998 0.3111808328125 0.21067085156249998 0.307187678125 0.2063554328125 0.30462065 0.20282463750000002 0.30462065 0.1973322875 0.30690245312500003 0.1977245984375 0.31003993125 0.2000784625 0.312036509375 0.2063554328125 0.3137478609375
0 0.20282463750000002 0.4312606953125 0.2063554328125 0.4309754703125 0.2134170265625 0.41871078125 0.2098862296875 0.4138619515625 0.20753236562500002 0.4138619515625 0.199293840625 0.4147176265625 0.1918399375 0.42184825937500003 0.192624559375 0.42498573906250003 0.20282463750000002 0.4312606953125
0 0.15625 0.4234375 0.159375 0.4265625 0.1546875 0.43125 0.153125 0.4375 0.159375 0.4390625 0.1640625 0.434375 0.1703125 0.4375 0.1671875 0.4421875 0.1546875 0.4484375 0.1546875 0.4515625 0.146875 0.4609375 0.146875 0.471875 0.1421875 0.4765625 0.134375 0.475 0.1359375 0.4625 0.1296875 0.459375 0.1296875 0.4546875 0.134375 0.453125 0.1296875 0.446875 0.1296875 0.4375 0.1328125 0.4328125 0.1421875 0.43125 0.1546875 0.4234375