0 0.6074034921875 0.49535995625 0.608587340625 0.507770646875 0.6127245015625 0.5116286125 0.6207041171875 0.510905240625 0.627513721875 0.5053308609375 0.6298897859375 0.4945747171875 0.628363025 0.4795077109375 0.6251011671875 0.47206145624999996 0.6217135484375 0.4681773171875 0.6151864875 0.4675158171875 0.612781075 0.4702681078125 0.6104687281250001 0.47568544218750003 0.6081391984375 0.48777410468750004 0.6074034921875 0.49535995625
0 0.5696480390625001 0.6176409828125 0.5723309734375001 0.629999321875 0.5803210796875 0.6510666390625001 0.59521385625 0.669224615625 0.597977690625 0.669572815625 0.6015702984375 0.6650002046875 0.6064293281250001 0.653712640625 0.6076181968750001 0.6447768171875 0.606716890625 0.6261302468750001 0.6054693265625 0.6190583671875001 0.60300354375 0.612918459375 0.5975551015625 0.607327425 0.5934799828124999 0.605246153125 0.5764593171875 0.6049510984375 0.5709454828125 0.611814375 0.5696480390625001 0.6176409828125
0 0.4642252453125 0.49991513593750003 0.478581834375 0.4740650171875 0.479660453125 0.46913548125000004 0.47872477968749994 0.463831571875 0.4759144109375 0.4621508515625 0.45904718125 0.47341303593750006 0.45204977187499995 0.4807728375 0.4507523265625 0.48659944531250005 0.4557304234375 0.5002117828125 0.4606016171875 0.5035993984375 0.4642252453125 0.49991513593750003
0 0.6243269703125 0.6433039046875 0.62743539375 0.6391929171874999 0.6282813484374999 0.6276007765625 0.624800665625 0.6210515937500001 0.621178709375 0.617620353125 0.6179927328125 0.619510471875 0.6164299296875 0.6249016296875001 0.6183323 0.6363977953125 0.6215476234375 0.6425115296875 0.6243269703125 0.6433039046875
0 0.5567046140625 0.6767954031250001 0.5558481671875 0.6665968578125 0.55342891875 0.6617894718749999 0.5498379859375 0.6592465765625 0.54507536875 0.6589681749999999 0.5417015875 0.6626437140625 0.5449944671875 0.670978315625 0.5527846046875 0.6791558703125 0.5567046140625 0.6767954031250001
0 0.6946000156250001 0.6928816125 0.695975015625 0.689275871875 0.6941330156250001 0.6866719031249999 0.6918550390625 0.6787465765625 0.68887405 0.6721799453124999 0.6866254203125 0.6722584687500001 0.6820024015625 0.67597763125 0.6814079671875 0.68044554375 0.682609 0.6861849 0.689461790625 0.69617405 0.6946000156250001 0.6928816125
0 0.61050656875 0.71316211875 0.60647965625 0.7052978640625 0.599235746875 0.69843538125 0.59570685625 0.6976691828125 0.593520271875 0.6995244015625001 0.5960480968749999 0.7074410046875 0.6033075171875 0.7147476593750001 0.608070134375 0.7150260625 0.61050656875 0.71316211875
0 0.8233952234374999 0.62745798125 0.8341265109375 0.6124076281249999 0.8349707921875 0.6079309921875 0.8281490234375 0.598830190625 0.8232778296875001 0.5954425750000001 0.8207793531249999 0.5955298234375 0.8171402140625 0.5987699125 0.8148572156249999 0.612191096875 0.8151208999999999 0.6197420499999999 0.81897551875 0.629835896875 0.8233952234374999 0.62745798125
0 0.8407319015624999 0.479207071875 0.8430132265625 0.47290139218749994 0.8425152046875001 0.46580333749999997 0.84112636875 0.4618494 0.8375354343750001 0.4593065046875 0.832569503125 0.46036935 0.8290079171875 0.46583030625 0.82936466875 0.47604630312499996 0.8350164265625001 0.4802960921875 0.8407319015624999 0.479207071875
0 0.774935584375 0.45037465625 0.777950940625 0.4435986265625 0.7784212875 0.435577325 0.7737689203125 0.4312926375 0.766897271875 0.435090321875 0.763866403125 0.441422178125 0.764176621875 0.45030565312500004 0.7676262828125 0.4559664859375 0.771327465625 0.4545030921875 0.774935584375 0.45037465625
0 0.7842226859375 0.4011316546875 0.7848481406250001 0.39755209062499997 0.7837711953125 0.39536612031249996 0.776308459375 0.3894007109375 0.7740753421875 0.38992340937500003 0.7726538093750001 0.3921966265625 0.7727296906250001 0.40153299843749996 0.7764757328125 0.4085176296875 0.779958090625 0.4079513078125 0.7842226859375 0.4011316546875
0 0.7154328890625 0.551624059375 0.720117953125 0.5496815921875 0.7221184078125 0.5424962890625 0.7217754953125 0.539839971875 0.719513028125 0.5323588171875 0.7164683234375 0.5311309953125 0.7102686625 0.5326816375 0.7064882515625001 0.5390396671875 0.707627240625 0.5430023312500001 0.7123726734375 0.5499520625 0.7154328890625 0.551624059375