0 0.24125000000000002 0.52044444375 0.24474999999999997 0.52355555625 0.248 0.524 0.253 0.5226666671875 0.255 0.51955555625 0.25525000000000003 0.5151111109375 0.25175000000000003 0.4991111109375 0.2445 0.4733333328125 0.24175 0.47511111093749997 0.23525000000000001 0.48844444375 0.23424999999999999 0.493777778125 0.23450000000000001 0.5013333328125 0.23725000000000002 0.51155555625 0.24125000000000002 0.52044444375
0 0.29125 0.5831111109375 0.2955 0.5768888890625 0.3025 0.5568888890625 0.30425 0.5488888890625 0.29975 0.5328888890625 0.29674999999999996 0.5297777781249999 0.29300000000000004 0.5297777781249999 0.281 0.538222221875 0.27599999999999997 0.54444444375 0.27349999999999997 0.550222221875 0.27475 0.5711111109375 0.282 0.5813333328125 0.288 0.58444444375 0.29125 0.5831111109375
0 0.36275 0.51555555625 0.36825 0.5271111109375 0.3735 0.5306666671875 0.37475 0.51644444375 0.3765 0.512 0.37575 0.5088888890625001 0.37625000000000003 0.5048888890625001 0.37 0.484 0.3665 0.4791111109375 0.35950000000000004 0.47555555624999996 0.35575 0.4773333328125 0.3545 0.48044444375 0.35425 0.484 0.35575 0.4911111109375 0.35724999999999996 0.4933333328125 0.36275 0.51555555625
0 0.42874999999999996 0.4573333328125 0.42725 0.4591111109375 0.42874999999999996 0.473777778125 0.43324999999999997 0.4911111109375 0.43899999999999995 0.5066666671875 0.44625000000000004 0.5133333328125 0.44625000000000004 0.50844444375 0.44749999999999995 0.5053333328125 0.45125000000000004 0.5013333328125 0.45025000000000004 0.493777778125 0.45225 0.48266666718750006 0.44975 0.46666666718750005 0.44225000000000003 0.4573333328125 0.44025 0.4533333328125 0.43975 0.44844444375 0.43099999999999994 0.4413333328125 0.42874999999999996 0.43555555625000003 0.42874999999999996 0.43200000000000005 0.42074999999999996 0.430222221875 0.4205 0.43244444375 0.42275 0.43600000000000005 0.42374999999999996 0.44355555625000004 0.42874999999999996 0.4573333328125
0 0.251 0.32044444375 0.25225 0.317777778125 0.25175000000000003 0.3128888890625 0.24474999999999997 0.30355555624999997 0.24125000000000002 0.3048888890625 0.23975 0.31155555625 0.23925000000000002 0.3191111109375 0.24075000000000002 0.322222221875 0.24474999999999997 0.324 0.251 0.32044444375
0 0.25175000000000003 0.28355555625 0.25525000000000003 0.27777777812500004 0.25625 0.272 0.25175000000000003 0.264 0.24825 0.2613333328125 0.24474999999999997 0.2613333328125 0.24300000000000002 0.2653333328125 0.24275000000000002 0.278222221875 0.24375 0.284 0.24825 0.285777778125 0.25175000000000003 0.28355555625
0 0.43174999999999997 0.2626666671875 0.43574999999999997 0.25955555625 0.43925000000000003 0.25155555625 0.44325000000000003 0.234222221875 0.44325000000000003 0.2288888890625 0.43925000000000003 0.2186666671875 0.42175 0.210222221875 0.41925 0.2133333328125 0.41574999999999995 0.22444444375 0.41550000000000004 0.2306666671875 0.41875 0.248 0.421 0.2533333328125 0.43174999999999997 0.2626666671875
0 0.46325000000000005 0.16844444375 0.472 0.15822222187499999 0.4765 0.146222221875 0.47675 0.14044444375 0.47375 0.1311111109375 0.46875 0.1231111109375 0.46525 0.12044444375 0.4575 0.12 0.45525000000000004 0.1248888890625 0.45275 0.137777778125 0.45275 0.14577777812499998 0.45949999999999996 0.1666666671875 0.461 0.16799999999999998 0.46325000000000005 0.16844444375
0 0.49824999999999997 0.15911111093750002 0.502 0.16044444375 0.509 0.1533333328125 0.5117499999999999 0.1471111109375 0.5145 0.12755555624999998 0.51375 0.1186666671875 0.51225 0.11599999999999999 0.508 0.11555555625 0.50125 0.1191111109375 0.49375 0.1266666671875 0.49074999999999996 0.133777778125 0.49124999999999996 0.136 0.49024999999999996 0.14044444375 0.493 0.15111111093750001 0.49824999999999997 0.15911111093750002
0 0.62025 0.5048888890625001 0.6265 0.5177777781249999 0.6327499999999999 0.51555555625 0.63475 0.512 0.634 0.484 0.632 0.473777778125 0.6315000000000001 0.45644444375 0.62775 0.442222221875 0.6235 0.43155555625 0.62 0.42800000000000005 0.614 0.42933333281249997 0.60575 0.43777777812499996 0.606 0.4493333328125 0.6144999999999999 0.4911111109375 0.61975 0.50044444375 0.62025 0.5048888890625001
0 0.642 0.5151111109375 0.64375 0.5177777781249999 0.6475 0.5191111109375 0.6535 0.51644444375 0.65475 0.51244444375 0.655 0.50044444375 0.6605000000000001 0.4848888890625 0.65775 0.473777778125 0.65425 0.46799999999999997 0.6475 0.46755555624999995 0.64275 0.47244444375 0.6395 0.4808888890625 0.63925 0.488 0.64125 0.49733333281250003 0.6405000000000001 0.5053333328125 0.642 0.5151111109375
0 0.70475 0.40311111093749996 0.7065 0.39911111093749996 0.7105 0.3973333328125 0.7135 0.398222221875 0.71375 0.4026666671875 0.7125 0.40444444375 0.71725 0.40755555625 0.72775 0.40488888906250003 0.7292500000000001 0.40133333281250005 0.731 0.40177777812500004 0.737 0.396 0.7424999999999999 0.39244444375 0.7445 0.393777778125 0.7485 0.38533333281250004 0.751 0.37333333281250003 0.749 0.36622222187500003 0.7485 0.35644444375 0.75 0.35244444375 0.749 0.3506666671875 0.7497499999999999 0.345777778125 0.75225 0.3453333328125 0.74825 0.3391111109375 0.74175 0.31955555625 0.73075 0.3111111109375 0.72375 0.312 0.71 0.3173333328125 0.7055 0.33244444375 0.6955 0.34444444375 0.69225 0.35555555625 0.692 0.3911111109375 0.696 0.40222222187499995 0.69975 0.40577777812500004 0.70475 0.40311111093749996
0 0.81075 0.4311111109375 0.8225 0.4231111109375 0.828 0.41822222187499997 0.83125 0.40444444375 0.82825 0.3866666671875 0.8244999999999999 0.37955555625000004 0.8175000000000001 0.38133333281250004 0.7985 0.40133333281250005 0.79375 0.40533333281250006 0.79 0.40622222187499996 0.7865 0.4106666671875 0.77675 0.42977777812499995 0.7765 0.43200000000000005 0.7805 0.4346666671875 0.79725 0.43600000000000005 0.81075 0.4311111109375
0 0.5519999999999999 0.72044444375 0.55525 0.7168888890625 0.5565 0.7133333328125 0.55225 0.6968888890625 0.55025 0.696 0.5465 0.6977777781250001 0.5415 0.704 0.541 0.709777778125 0.5429999999999999 0.7168888890625 0.546 0.721777778125 0.5519999999999999 0.72044444375
0 0.65475 0.578222221875 0.65775 0.5813333328125 0.6679999999999999 0.5808888890625 0.6695 0.578222221875 0.67125 0.568 0.6715 0.558222221875 0.6759999999999999 0.5551111109375 0.67875 0.5568888890625 0.6839999999999999 0.554222221875 0.679 0.5488888890625 0.6725 0.5448888890625 0.66925 0.536 0.66975 0.5328888890625 0.6677500000000001 0.5293333328125 0.6675 0.5257777781249999 0.6615 0.5186666671875 0.65675 0.52 0.65525 0.5226666671875 0.65175 0.5373333328125 0.6475 0.5426666671875 0.6475 0.5533333328125 0.6487499999999999 0.5555555562500001 0.6515 0.5706666671875 0.65475 0.578222221875
0 0.6795 0.5902222218750001 0.6855 0.58844444375 0.6877500000000001 0.581777778125 0.68875 0.561777778125 0.68575 0.5528888890625 0.68225 0.550222221875 0.67725 0.549777778125 0.67475 0.5528888890625 0.675 0.558222221875 0.6725 0.564 0.6717500000000001 0.5688888890625 0.6695 0.5711111109375 0.66925 0.5746666671875 0.671 0.5813333328125 0.67525 0.5888888890625 0.6795 0.5902222218750001
0 0.71675 0.5862222218750001 0.7205 0.58755555625 0.7235 0.585777778125 0.7262500000000001 0.564 0.7215 0.5551111109375 0.717 0.5519999999999999 0.71025 0.5519999999999999 0.7035 0.5533333328125 0.6995 0.55644444375 0.6995 0.5599999999999999 0.70225 0.568 0.708 0.577777778125 0.71675 0.5862222218750001