0 0.4305998 0.624845465625 0.43129439375 0.620906234375 0.428530859375 0.6161033859375 0.4235390234375 0.61370005 0.4190318640625 0.6136668859375 0.41632602968750004 0.6187746203125 0.419002740625 0.6240698734375 0.42526424062499996 0.6269509421875 0.4305998 0.624845465625
0 0.5695584609375001 0.4254460578125 0.5627795875 0.428058609375 0.5595890781249999 0.4307961734375 0.5616074625 0.4347060625 0.5690119640625 0.441342665625 0.580609025 0.44211825625 0.5937326515625 0.4393551734375 0.5958741296875 0.43744806406250003 0.591750534375 0.4301206890625 0.5827290703125 0.42497596875 0.5783087359375 0.4244504015625 0.5695584609375001 0.4254460578125
0 0.5569945203125 0.48390243593750004 0.5567411921875001 0.490458040625 0.559982259375 0.49255266875 0.56654764375 0.49371032187499997 0.5777902640625 0.49137713749999995 0.5837371640625 0.4883640296875 0.583201934375 0.4811616671875 0.5800476906250001 0.47857463593749994 0.5695430734375 0.4767223890625 0.5593530578125 0.4807643171875 0.5569945203125 0.48390243593750004
0 0.7171113328125001 0.4562868875 0.717411646875 0.45202427656250005 0.7128539296875 0.447158921875 0.705807440625 0.44617029218750004 0.688086259375 0.4468534203125 0.6897103640625 0.4504399296875 0.700703228125 0.4572015453125 0.703767075 0.457741784375 0.7171113328125001 0.4562868875
0 0.55227771875 0.27262357187499997 0.5595412671875 0.2723811921875 0.5626449546875001 0.2701360328125 0.5641679468749999 0.2640581609375 0.5626306671875 0.259979246875 0.5587312765625 0.25649925625000003 0.552165890625 0.25534160156249996 0.543509584375 0.260923246875 0.5430356234375 0.2661706640625 0.55227771875 0.27262357187499997
0 0.5642957109375 0.1993472421875 0.566136875 0.2017027421875 0.5708646671875 0.2030440921875 0.5756323 0.20160004531250003 0.5763738765624999 0.1999538078125 0.5802952484375 0.18795242031249998 0.5757809453125 0.1828408625 0.5718851265625 0.18190006875 0.5681665265625 0.1825136625 0.564364675 0.18615885625 0.5642957109375 0.1993472421875
0 0.43381668749999996 0.36089405625 0.43508278125000005 0.35883259375 0.43341526249999995 0.355492284375 0.42259961874999996 0.35028505781249997 0.4182262671875 0.3520524859375 0.41696374531249997 0.35665314531250003 0.4212140046875 0.3607027171875 0.42808684531249996 0.36267615468750003 0.43381668749999996 0.36089405625
0 0.522964421875 0.4004757328125 0.516710065625 0.4026730578125 0.5156681765625 0.4085819046875 0.51812068125 0.4100297734375 0.52262426875 0.407523740625 0.522964421875 0.4004757328125
0 0.5290825 0.736899153125 0.5303450203125 0.73229849375 0.5286775046875001 0.7289581859375 0.5216744265625 0.7277233546875 0.51402016875 0.7301815515625 0.512142734375 0.7331506453125 0.51367644375 0.7346903640625 0.524926209375 0.7374355703125001 0.5290825 0.736899153125
0 0.7611707140624999 0.4214078265625 0.7626140265625 0.4209007515625 0.7547718328124999 0.414186971875 0.7469332109375 0.4100123875 0.7363417703125 0.40865254531249995 0.73354196875 0.40917429062500005 0.7303514578125 0.41191185468749997 0.7393295078125 0.41730277656250003 0.7611707140624999 0.4214078265625
0 0.401708259375 0.43037404375 0.3975953796875 0.430664259375 0.3977291890625 0.43246485 0.40022510625 0.43366651718749993 0.4035494234375 0.43272954375 0.401708259375 0.43037404375