0 0.446540059375 0.33732218281250004 0.44250812812499996 0.350804440625 0.4434748234375 0.356996696875 0.4492661796875 0.3652440515625 0.45808672968749997 0.374275053125 0.46188097812500006 0.3754767 0.46833048593750004 0.3739173328125 0.4758431015625 0.36698425625 0.47746794843749996 0.36336979375 0.47825018750000003 0.3571164609375 0.47505539375000005 0.3301003890625 0.46745305937500004 0.320137415625 0.46262839843750003 0.3180823203125 0.46037976875000003 0.31816084375 0.45314802343749994 0.32597354218749997 0.446540059375 0.33732218281250004
0 0.1164367875 0.44757645 0.1088621296875 0.45273283124999997 0.10631377187499999 0.46571856718750004 0.103360459375 0.47427129062500006 0.10120489531250002 0.4770148578125 0.0971918203125 0.4767102828125 0.09302196406249999 0.4790794734375 0.090959465625 0.48448808125 0.091440303125 0.49825746562499995 0.09532426875 0.5163551640625 0.0999301046875 0.5193073328125 0.1110319796875 0.5220326531249999 0.1252577875 0.5210911625 0.13515863125 0.518077125 0.1412031828125 0.512084746875 0.145281646875 0.499935009375 0.1492997421875 0.47889307187499996 0.1471613625 0.4749653078125 0.1404326578125 0.46852954843749994 0.1340158453125 0.463861759375 0.11948149374999999 0.4488042734375 0.1164367875 0.44757645
0 0.436297528125 0.2660806875 0.43006517187500004 0.27385848749999997 0.4266742078125 0.28420535468749997 0.4265949796875 0.28909999062499997 0.4286386203125 0.297478215625 0.43230710781250004 0.3022419796875 0.4392391265625 0.307336490625 0.4470464484375 0.308842715625 0.45349595625 0.3072833484375 0.4565733578125 0.3022840140625 0.45743315000000007 0.2982515515625 0.45802925781250003 0.286668134375 0.4571883234375 0.2769137640625 0.45378686718749994 0.2654699453125 0.44861929375000004 0.2607585328125 0.44115488437500006 0.2619086265625 0.436297528125 0.2660806875
0 0.509505028125 0.3208925046875 0.5052714546875 0.32860050625000004 0.4983637640625 0.35285635625 0.49772279687500004 0.355991746875 0.498736025 0.3635165265625 0.5003902203124999 0.3679059140625 0.50430855625 0.3726609515625 0.5143955296875 0.3749769984375 0.5216411125 0.37472397812499997 0.5238121875 0.372424584375 0.5274219796875 0.36118064375 0.5267998703125001 0.3505292 0.5279749015624999 0.33403369843749997 0.5271976828125 0.31894051874999996 0.5240754234375 0.3154918265625 0.519062959375 0.31522215 0.509505028125 0.3208925046875
0 0.1556481421875 0.309679546875 0.154228284375 0.304837259375 0.15080797031249998 0.3071802765625 0.146231484375 0.312231959375 0.13890499843749998 0.3244951203125 0.120600725 0.33758635 0.11261943593749998 0.34542522343750004 0.1122283171875 0.3485518890625 0.11795595625 0.3621380515625 0.1218122484375 0.3651163953125 0.1303380921875 0.365708096875 0.1355521984375 0.37175203125 0.142734065625 0.37683781875 0.1462009109375 0.37582732343749997 0.1500588765625 0.37169016250000003 0.156432503125 0.360794421875 0.15626523125 0.341677503125 0.15798648906249999 0.3264970734375 0.1573488703125 0.31540145625 0.1582241734375 0.311813165625 0.1556481421875 0.309679546875
0 0.3246616859375 0.2068295171875 0.321256884375 0.20961670781250002 0.3198663734375 0.21277827187499998 0.319628690625 0.227462178125 0.32190499375 0.24250300937499997 0.325432209375 0.2503847125 0.3303155671875 0.2684475125 0.333687675 0.27188747812499997 0.33517125000000003 0.27139095625 0.34757224375 0.261174165625 0.3486663734375 0.2566888046875 0.3491849265625 0.2428845203125 0.34441181875 0.220815434375 0.337621071875 0.21260297968750003 0.33559126875 0.21178443125 0.3316264 0.205696871875 0.3246616859375 0.2068295171875
0 0.3847857140625 0.25231448125 0.38503388906249997 0.2594212609375 0.3872188015625 0.264681546875 0.39553965625 0.2737299984375 0.40540780468750004 0.2769431171875 0.40737556406250003 0.275984971875 0.4089849 0.27192633437499997 0.41076820312500006 0.2585226 0.410239159375 0.25053619843749997 0.4046683015625 0.2342762671875 0.40337253124999994 0.23298737187500002 0.39564276249999997 0.23370201562499998 0.391503928125 0.2369595546875 0.3865518328125 0.245582078125 0.3847857140625 0.25231448125
0 0.55164414375 0.21669172812499998 0.5287030140625 0.22594244218749998 0.521205909375 0.23331969218749998 0.514191315625 0.2473508234375 0.506022221875 0.25697511562500003 0.5060050375 0.263646446875 0.5076592328125 0.268035834375 0.511546546875 0.271902525 0.5211338249999999 0.274236021875 0.533362525 0.2662488265625 0.5411731953125 0.253524040625 0.545044996875 0.2569465578125 0.5487927125 0.256815684375 0.552369809375 0.2517989 0.55580730625 0.242784553125 0.5568255546875001 0.22896281875 0.5561879359375 0.2178672015625 0.5543769578125 0.21615158124999997 0.55164414375 0.21669172812499998
0 0.47760330156249997 0.25263094375 0.4832240375 0.2559923859375 0.4897511 0.2566538859375 0.49487381406250003 0.252917275 0.49724820468750003 0.2492766359375 0.5000929421875 0.237614696875 0.50028241875 0.228713771875 0.498362865625 0.22388893593749998 0.49283519374999996 0.2231925359375 0.48497966562499994 0.22746929531250001 0.47463949687499996 0.23939298125000003 0.47409159531249995 0.2451934125 0.47760330156249997 0.25263094375
0 0.616022278125 0.23356635468750003 0.6168615390625 0.25043623125000003 0.6217775921875 0.26227187343749997 0.633973596875 0.26051183125 0.640424778125 0.2518369609375 0.6458438734375 0.24942414531249998 0.6481096859375 0.24267429062499998 0.6436312859375 0.229044503125 0.6359187015625001 0.22308781875 0.634529865625 0.21913387968750003 0.6313920953125 0.21524101406249999 0.6275823359375 0.21359519218749998 0.623365946875 0.21463186250000002 0.617367928125 0.22195676406249998 0.616022278125 0.23356635468750003
0 0.681953621875 0.3522265578125 0.6808112859375 0.36249490156249997 0.6819657859375 0.3669017390625 0.6872901421875001 0.3689393859375 0.69528526875 0.368660190625 0.6982213984375 0.366778796875 0.7015021140625 0.3604382171875 0.7059561859375 0.3447176390625 0.7067539359375 0.33890848125 0.70620938125 0.33047790625 0.7040865125 0.32699431562500003 0.6980901671875 0.3272037125 0.6862974453125 0.34051226875 0.68323555625 0.345955775 0.681953621875 0.3522265578125
0 0.790364996875 0.577024440625 0.7950794078125 0.5830858234375 0.7964837546875 0.5874839374999999 0.8003727421875 0.5842351234375001 0.806434478125 0.5715714125 0.812809778125 0.5535601671875 0.8135299734375 0.545530140625 0.8088465843750001 0.5403571046875 0.8016785546874999 0.5428309953125 0.78841776875 0.5570802484375 0.7865740953125 0.561591784375 0.7865569109375 0.5682631140625001 0.790364996875 0.577024440625
0 0.6055301453124999 0.6924342765625 0.6020167671875 0.6921122515625 0.59995426875 0.697520859375 0.6000611703125001 0.7077455796875001 0.6027302671875 0.7125442421875 0.6082596125 0.7061251375 0.6093847640625001 0.7025281234375 0.6090108296875 0.6989834593750001 0.6055301453124999 0.6924342765625
0 0.6719589390625 0.48865847812499996 0.66390176875 0.48716097812500003 0.6588100765625 0.4917859375 0.65993188125 0.5024199312500001 0.661508521875 0.5045884515625 0.6652407265625 0.5040134046875 0.6686300171874999 0.500782040625 0.6720830265625 0.49221186718750004 0.6719589390625 0.48865847812499996
0 0.3864671359375 0.20733951562500003 0.3891655796875 0.22014202656249998 0.390850796875 0.22541976406250003 0.39455030625 0.2310718734375 0.40516967031249995 0.22714331406250002 0.40791966874999996 0.2199318359375 0.4087949734375 0.216343546875 0.4090653515625 0.1954324828125 0.40442849531249997 0.1915919671875 0.3989008234375 0.19089556875 0.393200859375 0.1924287609375 0.387828296875 0.196174096875 0.3867031453125 0.1997711125 0.3864671359375 0.20733951562500003
0 0.20755776875 0.29185707031249997 0.2054642484375 0.29637732968749997 0.2037119671875 0.3106694125 0.20559882499999999 0.32172140625 0.2081266515625 0.329638009375 0.2104218125 0.33089200625 0.21774662500000003 0.3257443484375 0.22202673125 0.3193688703125 0.2312262359375 0.3105980234375 0.2352099625 0.3028987484375 0.2358199078125 0.2988750109375 0.2303404421875 0.2923956265625 0.22962192187500002 0.2933101484375 0.2199570890625 0.2887557828125 0.2114622671875 0.2890524296875 0.20755776875 0.29185707031249997
0 0.0943441859375 0.567086940625 0.08694349375 0.5628982234375 0.0807438328125 0.5644488671875 0.076136325 0.568612203125 0.076026075 0.5726184921875 0.0776182265625 0.575231184375 0.081347084375 0.5888871453125 0.08528093125 0.5940863578125 0.0863888984375 0.5971606734375 0.08596675625 0.5993989921875 0.0928971015625 0.6116090078124999 0.0957384921875 0.6141780781249999 0.099236359375 0.6140559296875 0.1023447828125 0.6099449421875 0.1038317046875 0.5952174109375 0.1036937796875 0.58410434375 0.099604825 0.5744633953125 0.0943441859375 0.567086940625
0 0.5414785156249999 0.5488043734375 0.53824600625 0.5493619703125 0.5362145296875 0.5556589265625 0.536119790625 0.5601093875 0.5381168984375 0.5671550921875 0.5421765062499999 0.5687921890625 0.54456640625 0.565595725 0.5450677749999999 0.558462771875 0.5414785156249999 0.5488043734375
0 0.76773943125 0.3732454796875 0.7641019640625 0.36937006562499997 0.759525478125 0.3744217484375 0.758539925 0.382016325 0.7606300984375001 0.3917270734375 0.76525144375 0.3951234140625 0.768625225 0.3914478765625 0.7692988875 0.38208532968750003 0.76773943125 0.3732454796875
0 0.301589775 0.24098885625 0.302342665625 0.2267316734375 0.300672959375 0.2218981125 0.29734738437499997 0.2197906671875 0.284195175 0.23714913593750003 0.28425721875 0.23892583125 0.2870675859375 0.2406065515625 0.28886137968750003 0.248993503125 0.293858334375 0.24881900625000003 0.301589775 0.24098885625
0 0.650727028125 0.733103925 0.6525053109375001 0.741046703125 0.6570025687500001 0.7408896546875 0.67279118125 0.7345570046875001 0.6742127124999999 0.7322837875 0.6741833640625 0.7242799359375 0.676449178125 0.7175300828125 0.6762320265625 0.7113116484375 0.6756702875 0.7095524046875 0.6721879296875 0.7101187265625 0.6639412828125 0.7175221515625 0.654836515625 0.721842534375 0.6508217671875001 0.7286534640625 0.650727028125 0.733103925