0 0.65175 0.453777778125 0.65675 0.44977777812499997 0.6585 0.446222221875 0.66075 0.4351111109375 0.6545 0.42177777812499995 0.651 0.4191111109375 0.6475 0.42000000000000004 0.64225 0.42800000000000005 0.642 0.43377777812499996 0.64375 0.44577777812499997 0.647 0.453777778125 0.65175 0.453777778125
0 0.5872499999999999 0.42533333281249996 0.58775 0.43200000000000005 0.59175 0.4431111109375 0.59575 0.44488888906249996 0.6035 0.44266666718750003 0.609 0.4373333328125 0.61275 0.4311111109375 0.61275 0.42000000000000004 0.6094999999999999 0.41200000000000003 0.6054999999999999 0.40622222187499996 0.60225 0.3968888890625 0.6 0.40133333281250005 0.5965 0.40222222187499995 0.5905 0.4 0.58525 0.39555555625 0.58025 0.39555555625 0.579 0.3973333328125 0.5780000000000001 0.40088888906250003 0.583 0.41377777812499994 0.5845 0.42177777812499995 0.5872499999999999 0.42533333281249996
0 0.5415 0.42444444375 0.5389999999999999 0.42888888906249995 0.5389999999999999 0.43288888906249995 0.5395 0.446222221875 0.54325 0.457777778125 0.5467500000000001 0.4613333328125 0.54925 0.46044444375 0.55275 0.4573333328125 0.5559999999999999 0.450222221875 0.561 0.44844444375 0.56425 0.45288888906249997 0.5665 0.4671111109375 0.5685 0.470222221875 0.5715 0.47155555624999995 0.579 0.46666666718750005 0.585 0.45555555625000005 0.5875 0.4493333328125 0.5860000000000001 0.43555555625000003 0.5740000000000001 0.4311111109375 0.5685 0.41511111093749997 0.56325 0.40888888906250004 0.55975 0.40133333281250005 0.5582499999999999 0.3951111109375 0.5519999999999999 0.3871111109375 0.55 0.38133333281250004 0.5467500000000001 0.3791111109375 0.5445 0.38177777812499997 0.54225 0.386222221875 0.54125 0.3928888890625 0.541 0.3973333328125 0.5427500000000001 0.40800000000000003 0.5427500000000001 0.4191111109375 0.5415 0.42444444375
0 0.508 0.47466666718750006 0.50925 0.4688888890625 0.50925 0.4591111109375 0.5075000000000001 0.44888888906249996 0.5055 0.44355555625000004 0.50125 0.44266666718750003 0.49775 0.44444444375 0.49424999999999997 0.450222221875 0.4925 0.45688888906249997 0.4925 0.46444444375 0.49824999999999997 0.474222221875 0.5042500000000001 0.4773333328125 0.508 0.47466666718750006
0 0.46975 0.6133333328125 0.47375 0.610222221875 0.47675 0.6044444437500001 0.47775 0.5853333328125 0.47575 0.56355555625 0.47400000000000003 0.5608888890625 0.46699999999999997 0.561777778125 0.46224999999999994 0.56844444375 0.45975 0.5773333328125 0.45899999999999996 0.59244444375 0.46375 0.610222221875 0.46575 0.6124444437500001 0.46975 0.6133333328125
0 0.43574999999999997 0.56044444375 0.44375 0.5631111109375 0.44725000000000004 0.558222221875 0.44775 0.549777778125 0.4465 0.5395555562500001 0.44475 0.5368888890625 0.44349999999999995 0.530222221875 0.44325000000000003 0.522222221875 0.44575 0.51644444375 0.453 0.51155555625 0.4505 0.5053333328125 0.44725000000000004 0.5026666671875 0.44299999999999995 0.5008888890625001 0.43674999999999997 0.502222221875 0.43375 0.5048888890625001 0.43099999999999994 0.512 0.43075 0.5213333328124999 0.42800000000000005 0.5266666671875 0.4225 0.522222221875 0.41825 0.52444444375 0.413 0.53644444375 0.41275000000000006 0.550222221875 0.41825 0.5595555562500001 0.425 0.5613333328125 0.43574999999999997 0.56044444375
0 0.45975 0.492 0.46325000000000005 0.4911111109375 0.465 0.4888888890625 0.4665 0.4813333328125 0.46624999999999994 0.47644444375 0.46425 0.466222221875 0.45999999999999996 0.454222221875 0.45625 0.4533333328125 0.4535 0.45599999999999996 0.4485 0.46844444375 0.4485 0.48 0.45025000000000004 0.48844444375 0.45275 0.49066666718749996 0.45975 0.492
0 0.3825 0.46355555624999994 0.38325 0.45866666718750004 0.38849999999999996 0.45599999999999996 0.394 0.4573333328125 0.40049999999999997 0.470222221875 0.404 0.4733333328125 0.40774999999999995 0.4728888890625 0.41050000000000003 0.470222221875 0.4135 0.46266666718750005 0.413 0.4551111109375 0.4095 0.44355555625000004 0.40449999999999997 0.43688888906249995 0.40075000000000005 0.434222221875 0.396 0.43377777812499996 0.3875 0.42800000000000005 0.383 0.42800000000000005 0.3765 0.43333333281249997 0.374 0.438222221875 0.37324999999999997 0.44355555625000004 0.37324999999999997 0.45955555625000005 0.37675000000000003 0.4648888890625 0.38 0.4671111109375 0.3825 0.46355555624999994
0 0.3725 0.40444444375 0.37 0.393777778125 0.36625 0.388 0.36275 0.38844444375 0.35924999999999996 0.404 0.35975 0.4106666671875 0.36625 0.42000000000000004 0.371 0.41422222187499996 0.3725 0.40444444375
0 0.49225 0.33644444375 0.4915 0.32799999999999996 0.48825 0.3213333328125 0.48525 0.3191111109375 0.4805 0.322222221875 0.477 0.3333333328125 0.47775 0.34444444375 0.48375 0.3493333328125 0.48775 0.34711111093749997 0.49225 0.33644444375
0 0.44299999999999995 0.35644444375 0.445 0.35244444375 0.4455 0.344 0.44400000000000006 0.3386666671875 0.43949999999999995 0.3328888890625 0.4325 0.3328888890625 0.429 0.33555555625 0.42750000000000005 0.3391111109375 0.42800000000000005 0.3493333328125 0.43174999999999997 0.356 0.43949999999999995 0.3586666671875 0.44299999999999995 0.35644444375
0 0.4495 0.3226666671875 0.4535 0.31066666718749997 0.45325 0.30355555624999997 0.45125000000000004 0.298222221875 0.4495 0.29555555624999996 0.446 0.2968888890625 0.44175000000000003 0.30355555624999997 0.4415 0.309777778125 0.44349999999999995 0.32044444375 0.446 0.3231111109375 0.4495 0.3226666671875
0 0.28250000000000003 0.45955555625000005 0.282 0.4493333328125 0.27675 0.438222221875 0.27275 0.438222221875 0.2705 0.4453333328125 0.27075 0.454222221875 0.27425 0.462222221875 0.27975 0.46399999999999997 0.28250000000000003 0.45955555625000005
0 0.23725000000000002 0.44266666718750003 0.242 0.43555555625000003 0.24425 0.42800000000000005 0.24125000000000002 0.4191111109375 0.23775 0.41777777812499994 0.2305 0.42400000000000004 0.22825 0.42844444375 0.2285 0.4351111109375 0.231 0.43955555625000003 0.23399999999999999 0.44266666718750003 0.23725000000000002 0.44266666718750003
0 0.3765 0.6111111109375 0.38375 0.61155555625 0.388 0.606222221875 0.38525 0.59555555625 0.382 0.5893333328125 0.37975 0.5888888890625 0.37525 0.59155555625 0.37374999999999997 0.5951111109375 0.37425 0.597777778125 0.37275 0.602222221875 0.373 0.605777778125 0.3765 0.6111111109375
0 0.45425000000000004 0.61955555625 0.45575 0.6124444437500001 0.45499999999999996 0.6044444437500001 0.45275 0.6031111109375 0.44575 0.608 0.44625000000000004 0.612 0.449 0.6164444437500001 0.453 0.6208888890625001 0.45425000000000004 0.61955555625
0 0.55125 0.3311111109375 0.55025 0.32844444375 0.548 0.3271111109375 0.54325 0.3271111109375 0.5395 0.338222221875 0.54 0.34488888906250004 0.54325 0.349777778125 0.548 0.34488888906250004 0.55125 0.3311111109375