0 0.6950000000000001 0.43600000000000005 0.68925 0.4391111109375 0.6855 0.43955555625000003 0.6835 0.442222221875 0.6837500000000001 0.44977777812499997 0.6809999999999999 0.45288888906249997 0.683 0.45644444375 0.679 0.45999999999999996 0.67825 0.466222221875 0.678 0.474222221875 0.6797500000000001 0.477777778125 0.682 0.48 0.68525 0.48044444375 0.6925 0.47955555624999996 0.70075 0.4808888890625 0.7105 0.47955555624999996 0.71375 0.4808888890625 0.717 0.47866666718750006 0.7195 0.473777778125 0.71875 0.47066666718750005 0.7195 0.46666666718750005 0.7190000000000001 0.4631111109375 0.721 0.45999999999999996 0.7195 0.45644444375 0.7215 0.4533333328125 0.7215 0.4511111109375 0.7184999999999999 0.44755555625000004 0.71775 0.4431111109375 0.7150000000000001 0.43644444375 0.71475 0.43244444375 0.71575 0.42888888906249995 0.7152499999999999 0.42444444375 0.717 0.42133333281249996 0.7155 0.41955555625 0.71325 0.41244444375 0.7105 0.41111111093749997 0.7095 0.41111111093749997 0.7045 0.4146666671875 0.701 0.42000000000000004 0.69675 0.42844444375 0.6950000000000001 0.43600000000000005
0 0.55025 0.26577777812500003 0.5467500000000001 0.26755555625 0.54325 0.26355555625 0.53975 0.268 0.53625 0.2751111109375 0.53675 0.27955555625 0.536 0.2831111109375 0.5377500000000001 0.285777778125 0.5375 0.2928888890625 0.53575 0.2968888890625 0.53425 0.304 0.5325 0.3066666671875 0.5335 0.3111111109375 0.5375 0.312 0.53925 0.31422222187500004 0.54325 0.316 0.5469999999999999 0.316 0.54975 0.31822222187500004 0.56075 0.31955555625 0.56425 0.3168888890625 0.56975 0.30533333281249997 0.576 0.3 0.57325 0.2968888890625 0.5740000000000001 0.29511111093750003 0.57575 0.29511111093750003 0.5780000000000001 0.297777778125 0.57925 0.2888888890625 0.5815 0.286222221875 0.58025 0.28355555625 0.581 0.2773333328125 0.58 0.27244444375 0.5820000000000001 0.26888888906249997 0.58275 0.258222221875 0.5780000000000001 0.248 0.572 0.24266666718750002 0.5685 0.23555555625000002 0.56725 0.23555555625000002 0.564 0.23866666718750001 0.562 0.244 0.55125 0.262222221875 0.55025 0.26577777812500003
0 0.75475 0.648 0.7545 0.65644444375 0.7555 0.66355555625 0.755 0.6751111109375 0.75675 0.68355555625 0.75875 0.68755555625 0.762 0.6893333328125 0.77 0.688 0.77625 0.6897777781250001 0.7865 0.6831111109375 0.79575 0.6733333328125 0.79625 0.6671111109375001 0.795 0.657777778125 0.798 0.649777778125 0.798 0.64444444375 0.7969999999999999 0.6408888890625 0.7935 0.637777778125 0.78975 0.6368888890625 0.78325 0.6293333328124999 0.77625 0.6248888890625001 0.7755 0.6248888890625001 0.77275 0.625777778125 0.76825 0.63155555625 0.7585 0.6386666671875 0.75475 0.648
0 0.21325 0.3653333328125 0.215 0.36755555625 0.22525 0.37333333281250003 0.231 0.37333333281250003 0.2355 0.370222221875 0.23875000000000002 0.36622222187500003 0.23975 0.361777778125 0.23975 0.3568888890625 0.23875000000000002 0.35111111093749997 0.23650000000000002 0.345777778125 0.23075 0.3391111109375 0.22425 0.33555555625 0.22374999999999998 0.33555555625 0.22025 0.33955555625 0.21475 0.34888888906250004 0.21325 0.35644444375 0.21325 0.3653333328125
0 0.19575 0.56355555625 0.2 0.570222221875 0.20325000000000001 0.56844444375 0.20350000000000001 0.564 0.2065 0.55644444375 0.20675 0.536 0.20375000000000001 0.52844444375 0.20350000000000001 0.5257777781249999 0.1985 0.518222221875 0.19624999999999998 0.51644444375 0.1955 0.51644444375 0.1835 0.5217777781249999 0.183 0.5257777781249999 0.189 0.5475555562500001 0.19575 0.56355555625
0 0.19524999999999998 0.561777778125 0.1995 0.5693333328125 0.20074999999999998 0.5693333328125 0.20299999999999999 0.568 0.20299999999999999 0.564 0.2065 0.553777778125 0.20675 0.542222221875 0.20600000000000002 0.5391111109375 0.20675 0.53644444375 0.20375000000000001 0.5293333328125 0.20325000000000001 0.5257777781249999 0.19624999999999998 0.51644444375 0.19575 0.51644444375 0.18425 0.5217777781249999 0.18325 0.5257777781249999 0.189 0.5471111109375 0.19524999999999998 0.561777778125
0 0.2815 0.32799999999999996 0.28250000000000003 0.33155555625 0.28650000000000003 0.33688888906250003 0.29275 0.34044444375 0.29625 0.33999999999999997 0.29900000000000004 0.33644444375 0.301 0.3306666671875 0.302 0.317777778125 0.30025 0.313777778125 0.29025 0.304 0.28891675 0.304 0.28525 0.3048888890625 0.2815 0.31244444374999997 0.2805 0.32044444375 0.2815 0.32799999999999996
0 0.10600000000000001 0.40755555625 0.10725 0.4106666671875 0.10874999999999999 0.42133333281249996 0.11100000000000002 0.42800000000000005 0.11274999999999999 0.42977777812499995 0.11674999999999999 0.4271111109375 0.12375 0.41111111093749997 0.12625 0.40088888906250003 0.125 0.3968888890625 0.11625 0.390222221875 0.11525 0.390222221875 0.11274999999999999 0.3906666671875 0.11100000000000002 0.3928888890625 0.10725 0.40088888906250003 0.10600000000000001 0.40755555625
0 0.177 0.31066666718749997 0.17825 0.31466666718749997 0.1815 0.31822222187500004 0.185 0.3191111109375 0.1915 0.3173333328125 0.1995 0.3173333328125 0.2 0.313777778125 0.198 0.290222221875 0.19624999999999998 0.286222221875 0.19325 0.2853333328125 0.19225 0.2853333328125 0.18225 0.2871111109375 0.1785 0.29244444375 0.17675000000000002 0.30355555624999997 0.177 0.31066666718749997
0 0.23700000000000002 0.3168888890625 0.24100000000000002 0.317777778125 0.24575 0.312 0.25275 0.3071111109375 0.25325000000000003 0.30355555624999997 0.25175000000000003 0.3 0.24325000000000002 0.293777778125 0.2385 0.288 0.2375 0.288 0.23424999999999999 0.2928888890625 0.23199999999999998 0.30355555624999997 0.23275 0.31022222187500004 0.23700000000000002 0.3168888890625
0 0.37324999999999997 0.62 0.37625000000000003 0.636 0.379 0.6413333328124999 0.38725 0.6471111109375001 0.39049999999999996 0.64755555625 0.396 0.64355555625 0.40149999999999997 0.6333333328124999 0.40525 0.6231111109375 0.40549999999999997 0.61555555625 0.40374999999999994 0.6088888890625 0.399 0.5991111109375 0.393 0.5946666671874999 0.38725 0.5933333328125 0.387 0.5928888890625 0.37775 0.596 0.37475 0.5991111109375 0.373 0.6048888890625 0.37324999999999997 0.62
0 0.48025 0.728 0.48425 0.730222221875 0.4875 0.7346666671875 0.491 0.7346666671875 0.4955 0.7311111109375 0.49749999999999994 0.7271111109375 0.49749999999999994 0.7231111109375 0.495 0.7146666671874999 0.49124999999999996 0.70755555625 0.48125 0.6977777781250001 0.4805 0.6977777781250001 0.47625 0.7031111109375 0.47375 0.7093333328125 0.47800000000000004 0.724 0.48025 0.728
0 0.5665 0.5546666671875 0.5667500000000001 0.5573333328125 0.56875 0.56044444375 0.56775 0.56355555625 0.56875 0.56755555625 0.5667500000000001 0.5711111109375 0.567 0.574222221875 0.56875 0.5808888890625 0.5685 0.5853333328125 0.5695 0.5911111109375 0.57325 0.6013333328125 0.57675 0.6053333328125 0.5780000000000001 0.6088888890625 0.5815 0.606222221875 0.58525 0.6008888890625 0.59175 0.596 0.59375 0.5848888890625 0.59675 0.578222221875 0.5980000000000001 0.572 0.5974999999999999 0.56355555625 0.59575 0.5568888890625 0.59225 0.5533333328125 0.58825 0.5519999999999999 0.581 0.5453333328125 0.57775 0.544 0.57075 0.5328888890625 0.5655 0.5288888890625 0.56075 0.5217777781249999 0.5605 0.5217777781249999 0.55925 0.5248888890625001 0.5599999999999999 0.54 0.56425 0.5515555562500001 0.5665 0.5546666671875