0 0.51752253125 0.5170137546875 0.5345520546875 0.5219637328125 0.5653781109375 0.527126625 0.57794919375 0.5257501875 0.58412138125 0.526683009375 0.5930932515625 0.5258067203125 0.6104641734375 0.5195031 0.6115776046875 0.516323021875 0.6086833421875 0.513113309375 0.6061029828125 0.505414559375 0.5970465875000001 0.49475685625 0.591101109375 0.49058195 0.5691523453125 0.47952394531250003 0.5626239921875 0.4773131640625 0.5529746656250001 0.47513475468750005 0.5365702796875 0.4739876484375 0.5267465640625 0.47430315 0.5187908734375 0.479761484375 0.5050540421874999 0.48506617343749997 0.497046034375 0.4912726828125 0.4986873546875 0.49965760000000004 0.5060400578124999 0.509193728125 0.51752253125 0.5170137546875
0 0.18046511875 0.6924291218749999 0.1835686515625 0.692646140625 0.19624436875 0.68977335625 0.1997912640625 0.6900213796875 0.211545378125 0.687585371875 0.229324784375 0.6818115359375 0.2423566671875 0.6802167078125 0.2637976578125 0.6666793796875 0.2645374828125 0.6624707359374999 0.258584621875 0.6520300515625 0.25432539374999996 0.6492261125 0.23341025 0.6425007640625 0.2090079125 0.641044996875 0.19916675625 0.6416098890625 0.186075171875 0.6376871093750001 0.154596484375 0.63548590625 0.1519188734375 0.6355492796875 0.1371034890625 0.6435352640625001 0.13945713906249999 0.6544760968750001 0.1451061515625 0.66289065 0.1554751921875 0.673890753125 0.16827031406249998 0.6820531796875 0.17443244375 0.6895011703125 0.18046511875 0.6924291218749999
0 0.3823317609375 0.1757520265625 0.393625075 0.17353440625 0.399172125 0.1706643578125 0.40117228125000004 0.1675462859375 0.40208649999999996 0.16084373125 0.3977152546875 0.1532703609375 0.358527696875 0.1402550703125 0.3499046078125 0.1361435390625 0.3423500171875 0.13586588125000001 0.3324391078125 0.13742833593749998 0.32404005625 0.14285566875 0.317309815625 0.149903359375 0.316699446875 0.1586320453125 0.325183021875 0.16473870468750001 0.3295643234375 0.16579690625000001 0.3483424703125 0.1648545078125 0.3591474890625 0.16961983593750002 0.3612247859375 0.171769978125 0.3739253265625 0.17491358125 0.3823317609375 0.1757520265625
0 0.7024812421875 0.2039031 0.7053231875 0.20786098593750002 0.703853590625 0.2097631046875 0.709251071875 0.215403353125 0.7139885390625 0.21773951406249997 0.7125115578125001 0.21337585468750003 0.7158766765625 0.20985200937499998 0.7268560859375001 0.212123428125 0.7295685749999999 0.211561271875 0.7344106765625 0.21240108593749998 0.7376711609375 0.2103735875 0.7443913453125 0.209841065625 0.7523021015625 0.21139668125000002 0.7548227578125 0.2135778265625 0.7593610109375 0.212391509375 0.76232503125 0.2146036578125 0.7694288734375 0.208584534375 0.77040279375 0.20739958593750002 0.7631547234375 0.19636711093749998 0.7375322796875 0.16776009375 0.7276488624999999 0.162557990625 0.7249712515625 0.1626213640625 0.7221715671875 0.16443047500000002 0.7127912140625 0.164776978125 0.7134512296875 0.1680810671875 0.7098345765625 0.1688306078125 0.704608815625 0.173477396875 0.6934623984375 0.1799656671875 0.6913924859375 0.18408130312499998 0.6923737890624999 0.18916213125 0.6904259500000001 0.1915320296875 0.6927547781250001 0.1964564765625 0.7024812421875 0.2039031
0 0.2944240515625 0.17135919375 0.2947030765625 0.16736893749999998 0.289905909375 0.1595151734375 0.2856989984375 0.1559630609375 0.2792229640625 0.1530041078125 0.2691128375 0.15104408593750002 0.26508770312499996 0.1512638421875 0.2578544015625 0.152762925 0.24954254531250003 0.1569433015625 0.2475075109375 0.16056015625 0.24675762968749998 0.17128396875000002 0.248852365625 0.1731847203125 0.2636650796875 0.177979684375 0.2702631890625 0.17919290000000002 0.281539065625 0.1772246703125 0.29158948906250004 0.17366708749999998 0.2944240515625 0.17135919375
0 0.2835714265625 0.1863887640625 0.291873228125 0.18872355624999998 0.3125468953125 0.1861594328125 0.318589625 0.1825722140625 0.3229984203125 0.1768658546875 0.3230259140625 0.1701012953125 0.31634060937499997 0.170135034375 0.302352246875 0.17266541875000002 0.284433328125 0.1804343828125 0.2819723703125 0.18377084375 0.2835714265625 0.1863887640625
0 0.1311987109375 0.40303752656249997 0.12256556874999999 0.4054411640625 0.118313725 0.408903003125 0.1177905515625 0.41638473437499995 0.121006103125 0.42137118593749995 0.126543096875 0.42501630625000003 0.133923296875 0.42778787500000004 0.14110428125000002 0.427036965625 0.1466338921875 0.4244163078125 0.1527115 0.42033030781249997 0.15517245625 0.41699384687499996 0.153887303125 0.4098868875 0.147177175 0.4039042390625 0.1311987109375 0.40303752656249997
0 0.501047309375 0.0645122296875 0.4836515640625 0.0647994640625 0.476861625 0.0663295484375 0.47095840781250004 0.06792163906250001 0.4593860671875 0.074129515625 0.45888033281249996 0.08136185625 0.46412086406249997 0.08924662343749999 0.49485705312499995 0.10843741874999999 0.5015074796875 0.10890246249999999 0.5044292375 0.1053476140625 0.5143454921874999 0.07822326406249999 0.5147465921875 0.07248727031249999 0.5124177640625 0.0675628234375 0.501047309375 0.0645122296875
0 0.4378699453125 0.8214490609375 0.4351923359375 0.821512434375 0.42657663125 0.8236666796875 0.42191630468749997 0.826598734375 0.4194727875 0.8296858031250001 0.42093232968749994 0.8342988531250001 0.43442234375 0.8452665859374999 0.43791692031249996 0.8462627812499999 0.4459323109375 0.8463220515625001 0.45427904375 0.8416428921874999 0.4562268828125 0.8392729937500001 0.4571236609375 0.8328198296875 0.448301359375 0.825185821875 0.4378699453125 0.8214490609375
0 0.42464404218749996 0.62830598125 0.4256951015625 0.6323892453125 0.4335535390625 0.634693034375 0.4491235203125 0.6350299625 0.455044175 0.63318848125 0.45614016875 0.63025779375 0.4546631875 0.6258941359375 0.45256844999999996 0.6239933843750001 0.4486305125 0.622966184375 0.43171300625000003 0.6227856390625 0.42464404218749996 0.62830598125
0 0.3006717859375 0.642693159375 0.3014813703125 0.6374869515625 0.297717821875 0.6339658421875 0.291084834375 0.6332514078125 0.2832860953125 0.636465225 0.28286755625 0.642450609375 0.2867183 0.6447247625 0.2938120890625 0.645220809375 0.3006717859375 0.642693159375
0 0.6489645203125 0.8672859296875 0.6490691546875 0.865789584375 0.644847478125 0.849705915625 0.638354003125 0.846996353125 0.62725251875 0.8464706718749999 0.6231227500000001 0.848186775 0.6150973046875 0.8546426734375 0.6150174921875 0.8621554078125 0.6173463203125 0.867079853125 0.61990185625 0.8687622171875 0.6174932171874999 0.871350503125 0.6177970671875 0.873376634375 0.619074834375 0.874217815625 0.6324977609375 0.8734021656250001 0.6438608328125001 0.87018698125 0.6489645203125 0.8672859296875