0 0.2645 0.69244444375 0.265 0.696 0.28300000000000003 0.709777778125 0.2855 0.7057777781250001 0.28900000000000003 0.696 0.2895 0.68844444375 0.28650000000000003 0.6653333328125 0.2835 0.6608888890625 0.28275 0.6528888890625 0.28250000000000003 0.6528888890625 0.271 0.6711111109375001 0.2685 0.678222221875 0.26675 0.688 0.2645 0.69244444375
0 0.4285 0.5248888890625001 0.43174999999999997 0.5293333328125 0.43550000000000005 0.5275555562500001 0.4365 0.52444444375 0.43825000000000003 0.508 0.43775000000000003 0.5053333328125 0.43600000000000005 0.5031111109374999 0.43525 0.5031111109374999 0.43025 0.50755555625 0.42750000000000005 0.5151111109375 0.42750000000000005 0.52044444375 0.4285 0.5248888890625001
0 0.4565 0.53644444375 0.45999999999999996 0.5373333328125 0.46749999999999997 0.51955555625 0.46675000000000005 0.514222221875 0.46349999999999997 0.5093333328125 0.46175 0.5093333328125 0.45949999999999996 0.5097777781249999 0.4545 0.5191111109375 0.45425000000000004 0.5266666671875 0.4565 0.53644444375
0 0.5117499999999999 0.342222221875 0.5155000000000001 0.33955555625 0.5165 0.3351111109375 0.51625 0.32444444375 0.51525 0.322222221875 0.5135 0.3213333328125 0.5117499999999999 0.3213333328125 0.509 0.32444444375 0.508 0.3306666671875 0.50825 0.3386666671875 0.5117499999999999 0.342222221875
0 0.564 0.5688888890625 0.5675 0.56844444375 0.56875 0.56444444375 0.5690000000000001 0.553777778125 0.56775 0.5506666671875 0.5675 0.550222221875 0.564 0.5511111109375 0.56075 0.5568888890625 0.56025 0.56355555625 0.564 0.5688888890625
0 0.5885 0.5417777781249999 0.592 0.5426666671875 0.5955 0.54044444375 0.5980000000000001 0.53644444375 0.59925 0.5257777781249999 0.59575 0.5231111109375 0.594375 0.5231111109375 0.5912499999999999 0.524 0.5894999999999999 0.5275555562500001 0.58775 0.53644444375 0.5885 0.5417777781249999
0 0.6105 0.546222221875 0.6105 0.549777778125 0.61175 0.55244444375 0.61625 0.5551111109375 0.61975 0.5551111109375 0.62675 0.5511111109375 0.629 0.5466666671875 0.63075 0.54 0.63 0.538222221875 0.62625 0.5377777781249999 0.62 0.5337777781249999 0.6195 0.5337777781249999 0.6184999999999999 0.5355555562500001 0.61275 0.5386666671875 0.612 0.54044444375 0.6105 0.546222221875
0 0.36150000000000004 0.56755555625 0.3635 0.56755555625 0.36675 0.56355555625 0.368 0.558222221875 0.368 0.5533333328125 0.36625 0.5515555562500001 0.3645 0.5515555562500001 0.36275 0.5515555562500001 0.36075 0.5573333328125 0.35975 0.56444444375 0.36150000000000004 0.56755555625
0 0.48075 0.59244444375 0.48224999999999996 0.585777778125 0.48150000000000004 0.578222221875 0.47775 0.57555555625 0.47675 0.57555555625 0.47474999999999995 0.5773333328125 0.47474999999999995 0.581777778125 0.47725 0.593777778125 0.48075 0.59244444375
0 0.49450000000000005 0.5599999999999999 0.49775 0.557777778125 0.49924999999999997 0.5515555562500001 0.49850000000000005 0.5475555562500001 0.49574999999999997 0.5448888890625 0.49424999999999997 0.5448888890625 0.49225 0.5466666671875 0.4915 0.553777778125 0.492 0.5568888890625 0.49450000000000005 0.5599999999999999
0 0.3795 0.5213333328124999 0.382 0.5208888890625001 0.3835 0.5191111109375 0.38375 0.51155555625 0.38075000000000003 0.5088888890625001 0.37975 0.5088888890625001 0.37825000000000003 0.510222221875 0.3775 0.5137777781249999 0.3775 0.5186666671875 0.3795 0.5213333328124999
0 0.4125 0.5217777781249999 0.41375 0.5151111109375 0.41200000000000003 0.5133333328125 0.41100000000000003 0.5133333328125 0.40750000000000003 0.51555555625 0.40725 0.5226666671875 0.41125 0.52355555625 0.4125 0.5217777781249999
0 0.36924999999999997 0.46444444375 0.373 0.461777778125 0.3745 0.45688888906249997 0.3735 0.44977777812499997 0.37025 0.4471111109375 0.3695 0.4471111109375 0.3665 0.45066666718750004 0.36575 0.454222221875 0.36625 0.4608888890625 0.36924999999999997 0.46444444375
0 0.39375 0.5257777781249999 0.396 0.52444444375 0.3995 0.5191111109375 0.3995 0.51155555625 0.39775 0.508 0.39649999999999996 0.508 0.394 0.5093333328125 0.39249999999999996 0.5128888890625001 0.39175 0.5226666671875 0.39375 0.5257777781249999
0 0.10225 0.4893333328125 0.10425 0.484 0.10425 0.4768888890625 0.10225 0.472 0.09925 0.47155555624999995 0.099 0.4711111109375 0.09625 0.476 0.096 0.48355555624999996 0.09825 0.4888888890625 0.10225 0.4893333328125
0 0.5820000000000001 0.5746666671875 0.5832499999999999 0.577777778125 0.5885 0.577777778125 0.591 0.573777778125 0.593 0.566222221875 0.593 0.564 0.59175 0.561777778125 0.591 0.561777778125 0.5872499999999999 0.5626666671875 0.5835 0.5666666671875 0.58175 0.5706666671875 0.5820000000000001 0.5746666671875
0 0.57475 0.5853333328125 0.5755 0.577777778125 0.57125 0.574222221875 0.57075 0.574222221875 0.56775 0.577777778125 0.568 0.5848888890625 0.57175 0.58844444375 0.57475 0.5853333328125
0 0.56525 0.55244444375 0.564 0.55244444375 0.56325 0.553777778125 0.56375 0.5546666671875 0.56775 0.553777778125 0.56525 0.55244444375