0 0.4327892234375 0.6260376515625 0.4334149625 0.622086896875 0.430568028125 0.6173330109374999 0.4255350078125 0.6150171609374999 0.42102795625 0.6150626625 0.4184116765625 0.62021684375 0.42118039375 0.625464575 0.427491221875 0.628235925 0.4327892234375 0.6260376515625
0 0.568246721875 0.42424344999999997 0.561514475 0.42697391093750003 0.558372228125 0.42976674062500003 0.5604585421875 0.43364080781250003 0.5679777421875001 0.4401471734375 0.579586571875 0.44072025000000004 0.5926599765625 0.43772854843750003 0.5947678453125 0.43578435625 0.590516996875 0.42853006406249994 0.5814071203125 0.4235435734375 0.5769782875 0.42309523125000004 0.568246721875 0.42424344999999997
0 0.5567048984375 0.482910196875 0.5565660203125 0.48946922343750005 0.5598431500000001 0.4915069671875 0.5664277375 0.4925498640625 0.5776279265625 0.49002082343750003 0.5835213359375 0.4869043859375 0.5828604875 0.47971246250000005 0.579661575 0.477180875 0.5691262312500001 0.47551224062499997 0.559008309375 0.47973139375 0.5567048984375 0.482910196875
0 0.7163153671875 0.45250442968750004 0.7165412421874999 0.448237228125 0.7118993078125 0.44345215624999995 0.7048366374999999 0.44258665625000004 0.687130078125 0.44357895625 0.688816528125 0.44713657656250005 0.699925725 0.453705309375 0.7029985328125 0.45419199375 0.7163153671875 0.45250442968750004
0 0.548301490625 0.2717458296875 0.5555597031249999 0.27137672031250004 0.558623734375 0.2690777359375 0.5600404218749999 0.2629742109375 0.5584321890624999 0.258922746875 0.5544726578125 0.25551134062499997 0.5478880687500001 0.25446844375 0.5393304921875 0.2602003125 0.5389481843749999 0.26545520312500004 0.548301490625 0.2717458296875
0 0.5590388046875 0.19827091875 0.5609207984375 0.2005939265625 0.5656712796875001 0.2018525625 0.570412984375 0.20032552812499999 0.571125715625 0.1986665984375 0.5748370375 0.1865986 0.5702342125000001 0.1815666078125 0.56632256875 0.1806939484375 0.56261524375 0.18137234687499998 0.5588775890625 0.1850833375 0.5590388046875 0.19827091875
0 0.43139903437499993 0.36207030156250003 0.43262895625000003 0.35998705468750003 0.43090339687499996 0.35667635781249996 0.41999852187500003 0.351658684375 0.4156566828125 0.3535021671875 0.4144746453125 0.35812415937500003 0.41879493125 0.3620989375 0.42570116718750006 0.3639521265625 0.43139903437499993 0.36207030156250003
0 0.5212239859375 0.40009010624999997 0.5150089312499999 0.40239624999999996 0.5140703249999999 0.4083223796875 0.516547725 0.40972722656249994 0.521006890625 0.407142978125 0.5212239859375 0.40009010624999997
0 0.53321253125 0.7363555125000001 0.5343945671875 0.7317335203125 0.5326690078125 0.7284228234375 0.525645446875 0.7273104 0.51803525625 0.7299018078125 0.516209925 0.732903215625 0.517770271875 0.7344159328125001 0.529066234375 0.7369643859375 0.53321253125 0.7363555125000001
0 0.7597593140625001 0.4168617390625 0.7611935562500001 0.4163295515625 0.7532353859375001 0.409753659375 0.7453251015625 0.405716515625 0.7347115421875 0.40454172499999996 0.731921271875 0.4051122546875 0.7287790249999999 0.40790508281250004 0.737849790625 0.4131384953125 0.7597593140625001 0.4168617390625
0 0.4005080890625 0.432100075 0.39640090156249996 0.4324620265625 0.3965661140625 0.43426000625 0.3990826234375 0.43541793125000006 0.4023900828125 0.434423084375 0.4005080890625 0.432100075