0 0.30474999999999997 0.18444444375 0.313 0.19644444375 0.33825 0.2408888890625 0.3445 0.2391111109375 0.35225 0.24755555624999998 0.35550000000000004 0.24844444375000002 0.36275 0.24533333281249997 0.3665 0.24133333281249997 0.3765 0.22444444375 0.3875 0.213777778125 0.39525 0.1991111109375 0.39525 0.192 0.3915 0.1786666671875 0.37975 0.15911111093750002 0.35950000000000004 0.1586666671875 0.33599999999999997 0.1488888890625 0.32483325 0.15155555625 0.318 0.1493333328125 0.30975 0.14977777812499998 0.28300000000000003 0.138222221875 0.27975 0.13955555625 0.28250000000000003 0.154222221875 0.29025 0.169777778125 0.29625 0.178222221875 0.30474999999999997 0.18444444375
0 0.21675 0.32444444375 0.22149999999999997 0.3288888890625 0.22349999999999998 0.333777778125 0.22725 0.32844444375 0.23224999999999998 0.308 0.23224999999999998 0.3031111109375 0.231 0.3 0.21425 0.29511111093750003 0.20925 0.2968888890625 0.20725 0.30355555624999997 0.20675 0.3071111109375 0.20875 0.31155555625 0.21525 0.32044444375 0.21675 0.32444444375
0 0.3625 0.41244444375 0.3675 0.40800000000000003 0.372 0.397777778125 0.37124999999999997 0.3906666671875 0.366 0.384 0.362 0.38355555625000004 0.355 0.393777778125 0.3545 0.397777778125 0.35550000000000004 0.4026666671875 0.35924999999999996 0.41022222187499996 0.3625 0.41244444375
0 0.41950000000000004 0.40755555625 0.4215 0.4106666671875 0.4255 0.40977777812499994 0.429 0.40577777812500004 0.4305 0.40088888906250003 0.4285 0.393777778125 0.42774999999999996 0.38577777812499997 0.4255 0.38 0.4185 0.3808888890625 0.41725 0.3831111109375 0.41725 0.3871111109375 0.41900000000000004 0.3968888890625 0.41950000000000004 0.40755555625
0 0.42474999999999996 0.29644444375 0.42374999999999996 0.289777778125 0.42175 0.286222221875 0.41500000000000004 0.28044444375 0.41050000000000003 0.281777778125 0.40625 0.289777778125 0.40675 0.29733333281249996 0.41150000000000003 0.3031111109375 0.42175 0.30222222187500003 0.42474999999999996 0.29644444375
0 0.43875000000000003 0.2408888890625 0.43224999999999997 0.23955555624999997 0.42750000000000005 0.24444444375000002 0.42525 0.254222221875 0.42525 0.2626666671875 0.43224999999999997 0.26355555625 0.44025 0.24444444375000002 0.43875000000000003 0.2408888890625
0 0.294 0.5466666671875 0.29525 0.5426666671875 0.29575 0.5311111109375 0.29474999999999996 0.52444444375 0.29100000000000004 0.5146666671875 0.28625 0.5133333328125 0.282 0.5257777781249999 0.27949999999999997 0.536 0.282 0.5431111109375 0.28925 0.548 0.294 0.5466666671875
0 0.35225 0.74444444375 0.35875 0.7431111109375 0.362 0.7391111109375 0.364 0.7333333328125 0.3655 0.724 0.36524999999999996 0.71644444375 0.36075 0.7071111109375 0.35775 0.70444444375 0.35325 0.70444444375 0.35075 0.7088888890625 0.34750000000000003 0.724 0.34675 0.730222221875 0.34725 0.738222221875 0.34900000000000003 0.742222221875 0.35225 0.74444444375
0 0.33849999999999997 0.789777778125 0.34025 0.7826666671875 0.3415 0.769777778125 0.34199999999999997 0.76044444375 0.341 0.75644444375 0.33849999999999997 0.7528888890625 0.33475 0.7528888890625 0.3305 0.758222221875 0.32925 0.7648888890625 0.329 0.7755555562499999 0.331 0.786222221875 0.33475 0.7911111109375 0.33849999999999997 0.789777778125
0 0.3245 0.8226666671875 0.32799999999999996 0.8173333328125001 0.3315 0.8066666671875 0.33125 0.7933333328125001 0.3275 0.78444444375 0.321 0.7755555562499999 0.31725 0.7768888890625 0.315 0.789777778125 0.31475 0.79644444375 0.31675 0.8115555562500001 0.3205 0.8208888890624999 0.3245 0.8226666671875
0 0.28225 0.7333333328125 0.2835 0.72044444375 0.2815 0.714222221875 0.2765 0.710222221875 0.27175 0.713777778125 0.27 0.721777778125 0.27375 0.732 0.27575 0.7351111109375 0.28225 0.7333333328125
0 0.22725 0.7208888890625 0.23275 0.7253333328125 0.23725000000000002 0.734222221875 0.24100000000000002 0.737777778125 0.25075 0.742222221875 0.25375000000000003 0.741777778125 0.255 0.73955555625 0.25525000000000003 0.734222221875 0.25075 0.721777778125 0.2485 0.7106666671874999 0.2485 0.7022222218749999 0.24674999999999997 0.696 0.236 0.6751111109375 0.231 0.6626666671875 0.22599999999999998 0.6631111109375001 0.2245 0.665777778125 0.20875 0.6773333328125 0.20825 0.682222221875 0.21000000000000002 0.6897777781250001 0.21974999999999997 0.709777778125 0.22725 0.7208888890625
0 0.49474999999999997 0.9066666671875 0.5085 0.9044444437499999 0.5387500000000001 0.8871111109375001 0.54075 0.8835555562499999 0.541 0.87644444375 0.537 0.8644444437500001 0.533 0.8626666671875001 0.50475 0.86355555625 0.499 0.8693333328125 0.49625 0.87644444375 0.489 0.8871111109375001 0.485 0.8973333328124999 0.485 0.9026666671875001 0.484 0.9035555562500001 0.48475 0.9048888890625 0.49474999999999997 0.9066666671875
0 0.641 0.845777778125 0.64925 0.85244444375 0.658 0.8528888890624999 0.68225 0.8417777781250001 0.70675 0.8208888890624999 0.70575 0.8186666671875 0.70675 0.8071111109375 0.70475 0.8062222218749999 0.7030000000000001 0.8013333328125001 0.6992499999999999 0.7991111109375 0.69825 0.7946666671875 0.696 0.79244444375 0.6965 0.789777778125 0.6950000000000001 0.786222221875 0.6952499999999999 0.7831111109375 0.692 0.7755555562499999 0.68925 0.7733333328125 0.68125 0.773777778125 0.67525 0.781777778125 0.671 0.782222221875 0.6645 0.77955555625 0.6587500000000001 0.790222221875 0.65325 0.7933333328125001 0.64725 0.792 0.6395 0.79555555625 0.63575 0.8008888890625 0.6355000000000001 0.8115555562500001 0.63425 0.81555555625 0.63075 0.8222222218749999 0.624 0.828 0.6245 0.8306666671875 0.6235 0.8351111109374999 0.62775 0.8417777781250001 0.641 0.845777778125
0 0.53625 0.5968888890625 0.541 0.58444444375 0.5415 0.574222221875 0.54025 0.5688888890625 0.53625 0.5595555562500001 0.5295 0.5519999999999999 0.5247499999999999 0.5511111109375 0.521 0.55244444375 0.52025 0.5595555562500001 0.51725 0.5711111109375 0.51825 0.5862222218750001 0.52325 0.5951111109375 0.53275 0.598222221875 0.53625 0.5968888890625
0 0.5860000000000001 0.5848888890625 0.5860000000000001 0.5813333328125 0.57975 0.5733333328125 0.5745 0.573777778125 0.5730000000000001 0.577777778125 0.5730000000000001 0.5853333328125 0.5780000000000001 0.593777778125 0.5815 0.593777778125 0.5860000000000001 0.5848888890625
0 0.6769999999999999 0.5893333328125 0.68025 0.5973333328125 0.68025 0.6124444437500001 0.68225 0.6191111109375 0.6855 0.624 0.68925 0.6244444437500001 0.6925 0.61955555625 0.6905 0.605777778125 0.693 0.592 0.68225 0.569777778125 0.67875 0.5711111109375 0.6797500000000001 0.5728888890625 0.67925 0.5813333328125 0.6745 0.58844444375 0.6769999999999999 0.5893333328125
0 0.8782500000000001 0.3786666671875 0.8865000000000001 0.37644444374999997 0.88925 0.3728888890625 0.8895 0.37066666718749997 0.8869999999999999 0.3591111109375 0.88825 0.3533333328125 0.8869999999999999 0.3431111109375 0.8775000000000001 0.3271111109375 0.8699999999999999 0.31955555625 0.8647500000000001 0.32044444375 0.859 0.32844444375 0.85775 0.3346666671875 0.857 0.349777778125 0.853 0.365777778125 0.8532500000000001 0.3728888890625 0.8554999999999999 0.37555555625000003 0.86525 0.37466666718749997 0.8782500000000001 0.3786666671875
0 0.8414999999999999 0.5355555562500001 0.8452500000000001 0.5475555562500001 0.8487500000000001 0.545777778125 0.8554999999999999 0.53644444375 0.85975 0.524 0.8605 0.5128888890625001 0.85925 0.5093333328125 0.8550000000000001 0.5106666671875 0.8505 0.5151111109375 0.84175 0.52844444375 0.8387499999999999 0.5293333328125 0.8387499999999999 0.5328888890625 0.8414999999999999 0.5355555562500001
0 0.7885 0.6311111109375 0.79875 0.610222221875 0.80525 0.602222221875 0.8067500000000001 0.5951111109375 0.8055 0.59155555625 0.798 0.584 0.795 0.58355555625 0.79325 0.585777778125 0.791 0.5933333328125 0.7847500000000001 0.601777778125 0.78075 0.6133333328125 0.78 0.62355555625 0.78125 0.629777778125 0.78275 0.63155555625 0.7885 0.6311111109375
0 0.8402499999999999 0.2893333328125 0.8465 0.2888888890625 0.84925 0.2848888890625 0.849 0.281777778125 0.8455 0.2728888890625 0.83825 0.2613333328125 0.83475 0.26044444375000003 0.8314999999999999 0.26444444375 0.8244999999999999 0.2653333328125 0.82325 0.272 0.8227499999999999 0.2826666671875 0.8244999999999999 0.2848888890625 0.8300000000000001 0.2831111109375 0.8402499999999999 0.2893333328125
0 0.8787499999999999 0.3786666671875 0.8872500000000001 0.37555555625000003 0.889 0.37333333281250003 0.8895 0.370222221875 0.8880000000000001 0.364 0.88825 0.35155555625 0.8872500000000001 0.344 0.88025 0.3311111109375 0.8734999999999999 0.322222221875 0.8702500000000001 0.32 0.865 0.32044444375 0.859 0.32844444375 0.85775 0.3346666671875 0.8574999999999999 0.345777778125 0.853 0.365777778125 0.8532500000000001 0.3728888890625 0.8554999999999999 0.37555555625000003 0.867 0.37466666718749997 0.8787499999999999 0.3786666671875
0 0.18925 0.4671111109375 0.19225 0.45999999999999996 0.193 0.4551111109375 0.19225 0.44577777812499997 0.189 0.44044444374999997 0.18225 0.43777777812499996 0.1825 0.44977777812499997 0.18375 0.458222221875 0.18575 0.4648888890625 0.18925 0.4671111109375
0 0.199 0.62 0.20325000000000001 0.613777778125 0.20425 0.610222221875 0.20350000000000001 0.602222221875 0.20024999999999998 0.59555555625 0.19875 0.5946666671874999 0.19575 0.5946666671874999 0.19225 0.597777778125 0.188 0.606222221875 0.188 0.61555555625 0.19025 0.621777778125 0.1925 0.624 0.199 0.62