0 0.751949465625 0.47547518593750004 0.75505495 0.474418778125 0.7578970171875 0.47069699375 0.760127446875 0.46120818437500005 0.7608764296875 0.450649046875 0.75968016875 0.4431846078125 0.7576808921875 0.4381400703125 0.748756196875 0.4262919671875 0.7457175046875 0.42507157656250005 0.743519340625 0.451759109375 0.7431365890625 0.46813297499999995 0.7442300359375 0.4724480625 0.74678691875 0.47512039531249994 0.751949465625 0.47547518593750004
0 0.7047262812499999 0.518158903125 0.71541385 0.536455784375 0.720773021875 0.5417527484375 0.724217721875 0.5424414546875 0.7295138578125 0.53824265 0.7346801625 0.5268248734375 0.731921409375 0.5060812609374999 0.7283648890625 0.500886659375 0.722269496875 0.49573280156250005 0.7088786953125 0.48973321406250003 0.7051975921875 0.4904487484375 0.7028463390625 0.49407512656249997 0.7014819609375 0.5106398015625 0.7047262812499999 0.518158903125
0 0.623520665625 0.488214615625 0.6260865531250001 0.49224348593749995 0.6300273140625 0.505965896875 0.634502425 0.50147391875 0.6376964703125 0.48908122187499997 0.6388552203125 0.466217834375 0.6399036406249999 0.4637502265625 0.64001921875 0.4564835546875 0.6390953796875001 0.453041025 0.6372747171875 0.45022558593750006 0.6332544 0.44919600624999995 0.627061440625 0.45402189843749996 0.624558590625 0.45948879531250003 0.6224092078125001 0.481186453125 0.6236632578125 0.48501755781250006 0.623520665625 0.488214615625
0 0.542966465625 0.45769094218750006 0.5435653421875 0.473874 0.547648696875 0.48439935 0.5481087375 0.492006896875 0.552553075 0.495217871875 0.5543737375 0.49803331249999994 0.55530658125 0.502832378125 0.56115131875 0.49490483281250003 0.563827534375 0.47853792500000003 0.5649375015625 0.4606644125 0.563611409375 0.445981 0.5617997531250001 0.4445220984375 0.564078965625 0.43004341406249996 0.5636189234375 0.42243586562499996 0.5651491531249999 0.4185163140625 0.5644797265625 0.4163826234375 0.556965925 0.4196542109375 0.5576443578125 0.42314444062499995 0.5565381484375 0.429245384375 0.5493057734375 0.43789542187499997 0.5497478046875 0.44278989375 0.5485477859375 0.4470980203125 0.542966465625 0.45769094218750006
0 0.7205652484375 0.27602126875 0.7214440609375 0.272681103125 0.7195115796875 0.2653597703125 0.716767078125 0.2591018015625 0.713076971875 0.2584607984375 0.707986465625 0.2689583140625 0.7084284953125 0.273852784375 0.7101643531249999 0.2762319453125 0.7169779546874999 0.2785296203125 0.7205652484375 0.27602126875
0 0.7062491171875 0.2416774796875 0.7103272234375 0.2390737234375 0.7102063984375 0.23321129062499998 0.7075016749999999 0.220606909375 0.7050205921875 0.217014315625 0.701584896875 0.217682146875 0.6986580250000001 0.2209676515625 0.6957671750000001 0.22967930937499997 0.6978512546875 0.235160125 0.7023894015625001 0.2401639171875 0.7062491171875 0.2416774796875
0 0.517190584375 0.2517137203125 0.5217107203125 0.254004434375 0.530482328125 0.24279138437499997 0.5316733421875 0.23712671875 0.531556275 0.21949171875 0.5301236109375 0.2134315171875 0.524567815625 0.20319238125 0.5215201203125 0.2006154515625 0.5059529203124999 0.21224390624999998 0.5039769046875 0.22304155312499999 0.5049945515625 0.22827689843750001 0.5122284171875 0.24452853437500002 0.517190584375 0.2517137203125
0 0.45556425625 0.1482381046875 0.46227128593750005 0.159158990625 0.47281101562499994 0.16752382187499998 0.4749348734375 0.166658225 0.476152903125 0.165063175 0.47879309843750006 0.1432701125 0.4772666265625 0.13541709531249999 0.4723532421875 0.123242034375 0.46921173749999995 0.1188722875 0.46168892968749997 0.12078733593749999 0.458762059375 0.12407284062499999 0.45538039531249996 0.132879903125 0.454216396875 0.1426141828125 0.45556425625 0.1482381046875
0 0.42113150624999995 0.15583667968749998 0.42501823749999995 0.16141985625 0.43324649062500004 0.16706465312500002 0.43667318125000004 0.165040284375 0.4403002515625 0.15618551875 0.44096443125 0.1451901046875 0.43913476406249996 0.14101812656249998 0.43920155781250003 0.138741328125 0.4348998125 0.1323332953125 0.4260959390625 0.1263476234375 0.41879152499999994 0.12414535468750001 0.4147044125 0.125392571875 0.41374079531249996 0.12829645781250001 0.41470065624999997 0.13716514062500001 0.42113150624999995 0.15583667968749998
0 0.36540901406250004 0.5098623703125 0.3700154453125 0.5374910390625 0.37265713125 0.5405996515625 0.379216321875 0.5415884875 0.382892175 0.5277438484375 0.3825349484375 0.5232856546875 0.3859076078125 0.5131220546875 0.3862798625 0.470489975 0.384320365625 0.4590990265625 0.374610665625 0.45238390468749995 0.36846649062500003 0.452219921875 0.3657092265625 0.456377984375 0.3635726078125 0.46765961093749997 0.3626052328125 0.48233606562500003 0.36542177656249997 0.49944634218750006 0.36540901406250004 0.5098623703125
0 0.3504677046875 0.541743496875 0.352457975 0.54543149375 0.35885656250000003 0.5469043124999999 0.362283253125 0.54487994375 0.3634922765625 0.5419283546875 0.363099028125 0.5320440078125 0.36083633593750003 0.524334096875 0.36101870625 0.5147906265625 0.3594164359375 0.50785786875 0.354614871875 0.5001887015625 0.3490192984375 0.49629597812500004 0.34247811875 0.4980202171875 0.34014487656250003 0.5043596734375 0.3395655015625 0.5157913671875 0.34793259062500004 0.530011671875 0.3504677046875 0.541743496875
0 0.2256120046875 0.3894354265625 0.22287275156250003 0.3963065640625 0.2254116234375 0.39626582187500003 0.2270806875 0.40092178125 0.2264382765625 0.402857703125 0.228673953125 0.4064979984375 0.230048828125 0.41619153593749997 0.2294424375 0.42355361406250003 0.2341862140625 0.43485611718749995 0.2397239984375 0.442382178125 0.241432840625 0.4406917234375 0.247510221875 0.4431325046875 0.2545024375 0.447659275 0.25613548124999996 0.44688907968749997 0.25828635312500003 0.450093096875 0.2691022625 0.45070727499999996 0.27317136406250003 0.4467469796875 0.2716051140625 0.445240378125 0.27100248125 0.44082988749999996 0.2737777546875 0.43938490156250004 0.2780434796875 0.44036678125 0.2805245625 0.44395937500000004 0.285941521875 0.445623003125 0.2889441921875 0.44141723749999995 0.2907506015625 0.42974703437499995 0.283720875 0.39489243749999997 0.2784104859375 0.3846055953125 0.26630450625 0.374734159375 0.2590038484375 0.3607593234375 0.24448882656249998 0.3581476015625 0.237447828125 0.3586107078125 0.22826120468750002 0.368998903125 0.2256120046875 0.3894354265625
0 0.15615585781250002 0.45138197187499995 0.1566031359375 0.46940554843750004 0.1624223484375 0.48231006093750006 0.1687541421875 0.486059678125 0.1818147328125 0.4916706890625 0.19599954375 0.493893834375 0.2121873875 0.4893889484375 0.215605071875 0.4860080390625 0.21493564531249998 0.48387434687499997 0.2017182078125 0.46697475 0.1974344734375 0.46327979218750004 0.1935837625 0.46312276875 0.1881577984375 0.460102603125 0.16569070156250001 0.4440954296875 0.1584800953125 0.4436859796875 0.15615585781250002 0.45138197187499995
0 0.4971623453125 0.7264803093750001 0.49917438281250004 0.721108815625 0.499780771875 0.7137467390625 0.49818750625 0.70817051875 0.49209211562500005 0.7030166609374999 0.488071796875 0.7019870796875 0.4862781515625 0.70324125625 0.48524398281250003 0.72019450625 0.48714944843749997 0.7234462265625 0.49101816875 0.7263163265625 0.4971623453125 0.7264803093750001
0 0.33964428125 0.5646744546875 0.3407287234375 0.5676330015625 0.3392345140625 0.5769787046875 0.3336171734375 0.582145471875 0.3297266859375 0.5883348625 0.335389053125 0.5899507875000001 0.3377493109375 0.5876809484375001 0.3427602609375 0.5898762578125 0.34487135625 0.5994266890625 0.3485396953125 0.609127184375 0.3505209609375 0.61145864375 0.36066744375000004 0.6099391296875 0.363018696875 0.6063127515625 0.3647673171875 0.598275884375 0.36458345625 0.5829176828125 0.3653864703125 0.5804977765625 0.36335117499999997 0.5700270875 0.3581616109375 0.5656026796875 0.35192738437500004 0.5518733124999999 0.34994611875000003 0.549541853125 0.345028978125 0.5491393609374999 0.340496078125 0.557264675 0.340929103125 0.56080260625 0.33964428125 0.5646744546875
0 0.3277544265625 0.5873599421875 0.326505625 0.59665794375 0.33130343125 0.616099678125 0.334784153125 0.6222145390625 0.3410131328125 0.6228148 0.3449306359375 0.6206950265625 0.34766088281249996 0.6124673484375001 0.34810667031250003 0.605589253125 0.3471828328125 0.602146725 0.3445501515625 0.6003946515624999 0.3428810859375 0.5957386921875 0.3393245671875 0.590544090625 0.338552325 0.58526104375 0.3355046296875 0.5826841140625 0.33068129687500003 0.5840744375 0.3277544265625 0.5873599421875
0 0.30025759375 0.628020296875 0.30368428281250004 0.6259959265624999 0.3106622453125 0.6160370515625 0.3144409140625 0.6053417671875 0.3156139171875 0.596964025 0.31493548437499996 0.5934737953125 0.31041534843749996 0.5911830796875 0.303534953125 0.5911622046875 0.29690896875 0.5924501656250001 0.29308527500000003 0.5963627578125 0.29011862499999996 0.605994675 0.296973496875 0.6268476093750001 0.30025759375 0.628020296875