0 0.7684586171875 0.578300515625 0.7714564265625 0.5721197859375 0.7680359421875 0.5598615640625 0.7575414765625 0.5505129265625001 0.7482021875 0.5463436765624999 0.7376454953125 0.5447955999999999 0.7200148203125 0.546157109375 0.7045593359375 0.5480375765625001 0.67646208125 0.5544108890625 0.66100530625 0.56359564375 0.6579319734375 0.5667445703125 0.658448628125 0.5698305359375 0.6632083859375 0.5784750390625 0.6725622609374999 0.586172365625 0.6872865296875 0.590247175 0.7031977359375 0.5919489484375 0.7292257906249999 0.5878403453125001 0.7502954078124999 0.5803522703125 0.7684586171875 0.578300515625
0 0.734098390625 0.6466223171875 0.73984898125 0.6435502390625001 0.7468779078125001 0.6373607140625001 0.7479283859375 0.6324521484375001 0.7366881140625 0.6255307125 0.7275766875 0.6231525828125 0.7208378421875 0.623332665625 0.6976539703125 0.6298055109375 0.674258115625 0.630711021875 0.6525036281250001 0.640130025 0.6499323625 0.6428368421874999 0.6560618609375 0.6476194890625 0.67775154375 0.6606096234375001 0.6838055171875 0.6623604671875001 0.6917763531250001 0.6630872859375 0.7081750359375001 0.660818875 0.716237275 0.6608012828125001 0.722839659375 0.6580856703125 0.734098390625 0.6466223171875
0 0.5306637671875001 0.604012265625 0.5310452546875 0.5972584140625 0.523091584375 0.5854510953125 0.5072121359375 0.5761968984375 0.493431065625 0.57173414375 0.478751853125 0.5709392734375001 0.46755534687500006 0.5746020640625 0.458046553125 0.582753996875 0.45649401093749997 0.588104671875 0.4575431984375 0.59050039375 0.46187770156249996 0.5953145203125 0.46898086406250006 0.5994610859375 0.4762363625 0.60236696875 0.49275562656250005 0.6064102984375 0.517900128125 0.6094976562500001 0.5271797703125001 0.606858890625 0.5306637671875001 0.604012265625
0 0.35701282343749996 0.5668223296875 0.345939478125 0.5621882874999999 0.332827396875 0.5595708171875 0.322970165625 0.5596198875 0.2907503890625 0.5667464046874999 0.285532334375 0.5691282375 0.2814244015625 0.57340951875 0.280571315625 0.5803573421875 0.283019421875 0.5859473578125 0.2902895109375 0.5923813171875 0.2969978875 0.59244936875 0.34532755000000004 0.58175959375 0.3621527765625 0.5760172703124999 0.366579971875 0.5727827 0.35701282343749996 0.5668223296875
0 0.2565026015625 0.6013304328125 0.25169649843749997 0.5967102796875 0.242828809375 0.5923470562500001 0.23453871093749998 0.590573528125 0.221213359375 0.5896930140625 0.1916403734375 0.5971445156249999 0.19046802499999999 0.6030456281250001 0.1938897984375 0.6079995625 0.202863478125 0.6151464515625 0.20788285156250003 0.61802965 0.214499825 0.6188421125 0.2256049296875 0.61592373125 0.2525470046875 0.60437103125 0.2565026015625 0.6013304328125
0 0.23956364687499998 0.64811481875 0.22992097500000003 0.6391226453125001 0.21925829375 0.6347909031250001 0.2051725484375 0.6328095140625 0.18760280625 0.6336747500000001 0.18568594375 0.6346987765625001 0.18884938906249998 0.638109728125 0.2220059140625 0.6671167062500001 0.22872888125 0.670712834375 0.23225793281249998 0.671146146875 0.23697392343749998 0.6692064234374999 0.2415534546875 0.6647311703125001 0.24404919687499999 0.65899255 0.23956364687499998 0.64811481875
0 0.302684078125 0.6956616703125 0.298410509375 0.6903512703125 0.290227690625 0.6840571203125 0.2880220328125 0.6837863 0.2816633859375 0.6845168203124999 0.263834028125 0.6911433609375 0.2604719 0.6929974421875 0.261049490625 0.6955871359375 0.276289125 0.7100522 0.2795598515625 0.7089425296874999 0.290588140625 0.7102966328125 0.2961559265625 0.708713375 0.299168325 0.7060607203125 0.3023330578125 0.702167384375 0.302684078125 0.6956616703125
0 0.5956405328125001 0.7349066078125001 0.5875504046875 0.720563759375 0.5769340671875 0.71220766875 0.5706217671875 0.708913840625 0.5667125171875 0.707930090625 0.559532540625 0.708056009375 0.548047240625 0.7104239531250001 0.5432093828125 0.7133562234374999 0.540561303125 0.7203355265625 0.5456403203125 0.730026740625 0.5502940875 0.735887578125 0.5548723296875 0.7387166125 0.5754677671875 0.7460310859375 0.592169834375 0.748585596875 0.5949384921875 0.7479180359375001 0.597540228125 0.74496308125 0.5956405328125001 0.7349066078125001
0 0.62495648125 0.718607834375 0.630524265625 0.717024575 0.6335366640625 0.714371921875 0.63396320625 0.7108980093749999 0.631742959375 0.7070991140625 0.6248994140625 0.6971912437500001 0.621233903125 0.6942224 0.5970789437499999 0.68672275 0.5830700109375 0.6804688750000001 0.5712813265625 0.678013896875 0.5557807859375 0.676614425 0.5437020171875 0.6801688875 0.5417242203125 0.6816891875 0.5425906046875 0.685573728125 0.551442415625 0.6937131625 0.5668197968750001 0.70340946875 0.5800683359375001 0.7085624687500001 0.587917303125 0.7102818328125 0.600694240625 0.7156288046875 0.618248103125 0.71853978125 0.62495648125 0.718607834375
0 0.504658846875 0.7355737015625 0.512310421875 0.735253809375 0.52233586875 0.7301878421875 0.523812890625 0.7218053656250001 0.5159506234375 0.7092536375 0.5066126265625 0.6977801 0.5020648515625 0.694702928125 0.474958428125 0.6893596578125 0.445813275 0.6860329609375 0.4399871609375 0.6860732359374999 0.43597063125 0.6896101078125 0.4343558625 0.70276134375 0.42951671406249997 0.7129979015625 0.42988103281249995 0.7173245515625 0.432861671875 0.722224321875 0.4456532 0.7310993703124999 0.45669608124999994 0.73598155 0.4672223046875 0.7377777625 0.47257681875 0.737931459375 0.49186602968750004 0.734002940625 0.504658846875 0.7355737015625
0 0.47336937343749996 0.8153551531250001 0.4660370625 0.8167217546875 0.45347081562499997 0.8242464015625 0.4520706078125 0.8283563953125 0.45391065781249995 0.8316048546875001 0.46089195 0.836743965625 0.4702312390625 0.8409132156249999 0.491757865625 0.8297030937500001 0.5001711234374999 0.8231797875 0.5015713296875 0.8190697953124999 0.4836677375 0.8153602453125 0.47336937343749996 0.8153551531250001
0 0.355982015625 0.8049718359375 0.3562866890625 0.8024904718749999 0.353655778125 0.7983892734375 0.3358435875 0.793935315625 0.32910474375 0.7941153984375 0.3283589390625 0.7965426 0.3369511328125 0.8104433390624999 0.3470349359375 0.819489675 0.3500923890625 0.8201169609375001 0.3511269890625 0.8189846062499999 0.3491955375 0.8164805578125 0.355022940625 0.80913599375 0.355982015625 0.8049718359375
0 0.28713089531249997 0.2169479546875 0.284743721875 0.21086166562500003 0.2631162625 0.1900709703125 0.2580054875 0.18793218125 0.25350276875 0.18813495 0.24919744375000003 0.19037697343749999 0.2217666015625 0.21320414531249998 0.213183840625 0.23204863437499998 0.196036771875 0.2513528234375 0.1925673640625 0.257727525 0.1938602921875 0.258138153125 0.2075207828125 0.25628916562500004 0.21544656406249998 0.2537360453125 0.2274802765625 0.24690164375 0.26169372968750004 0.234478615625 0.28277922499999997 0.223214328125 0.28629368906249997 0.22011956562499999 0.28713089531249997 0.2169479546875
0 0.7556504015625001 0.40545119375 0.74880685625 0.3955433234375 0.7360457968749999 0.3864201390625 0.725671909375 0.38338324375 0.70819356875 0.3835040703125 0.7008003234375 0.385366946875 0.6959624640625 0.38829921562499997 0.6958551843749999 0.3928198375 0.7166295578125 0.42055835625000004 0.724340778125 0.427046478125 0.73433446875 0.4295329375 0.75167635 0.42687658125 0.7556770015625001 0.427115921875 0.759146409375 0.4207412203125 0.7556504015625001 0.40545119375
0 0.4530567625 0.6708021921875 0.45401455156250003 0.6739423234374999 0.4593531859375 0.6778722328125 0.4725566671875 0.67974529375 0.479006715625 0.6782703625 0.4808785234375 0.673966396875 0.4746880921875 0.6696800234375 0.4636902671875 0.6680777828125 0.4530567625 0.6708021921875
0 0.306300259375 0.6333881953125 0.2963820921875 0.6339335390625 0.289749240625 0.6368972890625 0.2884099671875 0.640511009375 0.2904328203125 0.64227065 0.29456993125 0.6450455203125001 0.3020387 0.646214446875 0.3153494625 0.6435668859375 0.31930505937500003 0.6405262875 0.3198839390625 0.63581169375 0.316948353125 0.6341918625 0.306300259375 0.6333881953125